692,439,24,79
688.999,439.067,25.2018,76.7227
687.182,437.65,26.868,76.3909
687.825,438.849,28.5449,75.3216
688.596,438.916,29.658,72.3342
688.403,437.86,30.3763,70.6213
688.705,435.839,30.5323,69.0622
689.38,430.018,31.9061,71.2838
686.989,421.986,35.4621,78.7342
683.556,411.438,40.922,90.8742
677.2,405.824,46.5018,100.006
669.117,401.799,50.6766,104.905
660.908,395.998,53.5279,108.722
657.659,388.033,52.2554,105.521
653.195,372.413,51.3265,103.289
651.928,360.666,47.5923,97.0153
651.754,349.118,43.6268,90.0696
654.878,337.604,40.0393,83.8165
658.758,326.526,38.8288,81.9072
665.413,310.811,39.7031,83.6271
668.585,304.341,39.5614,85.392
668.851,300.372,39.3587,87.085
670.399,298.482,39.1876,87.9925
672.898,298.722,38.5332,87.5305
673.412,301.187,37.8543,87.2451
674.611,301.614,37.1216,87.2308
675.803,301.96,36.2386,87.1571
676.019,304.284,35.257,86.6886
676.258,308.148,34.1059,86.0261
677.586,307.968,33.5123,86.8858
677.342,310.442,32.8263,87.562
678.551,313.997,31.77,86.8304
680.08,315.628,30.765,85.4705
680.705,317.802,29.8098,84.2283
682.189,316.831,28.8834,82.3558
681.581,321.268,28.1991,81.0989
682.278,320.071,27.8177,80.3795
682.136,322.429,27.4413,79.978
682.381,321.901,26.629,77.9811
683.1,319.438,26.323,77.2907
683.135,323.675,25.8389,76.0877
683.334,324.18,25.4964,75.2527
683.156,325.314,25.3789,74.7846
683.352,326.622,24.8835,73.4851
683.415,324.018,24.5143,72.4985
683.868,325.257,24.1633,71.8555
684.28,326.608,23.9049,71.2241
684.497,326.029,23.713,70.4019
684.665,324.84,23.5657,69.9298
684.625,326.026,23.436,69.44
684.836,323.675,23.5205,69.4177
685.257,324.623,23.2292,68.5063
685.583,325.758,22.902,67.4297
685.362,324.095,22.917,66.8125
685.21,324.076,22.5339,65.3201
685.419,325.788,22.0551,63.7362
685.813,326.106,21.7977,62.8069
686.035,324.379,21.436,61.3047
686.538,324.173,20.9789,59.4764
686.985,323.922,20.5964,57.8975
687.461,324,20.1983,56.5243
687.803,323.712,19.6782,54.578
688.518,324.509,18.8258,51.9755
688.395,324.764,17.8118,48.5641
688.904,325.284,16.6411,45.2121
689.759,325.127,15.5281,42.0038
690.857,326.877,14.4066,39.2172
690.744,328.724,13.8722,37.4144
690.148,329.046,13.6085,36.1992
690.769,330.83,12.9214,34.4887
690.546,331.238,12.892,34.0723
690.427,332.236,12.6919,33.2266
691.158,332.572,12.2145,31.7541
691.484,332.961,12.1799,31.4121
691.135,332.004,12.3927,31.6371
690.449,333.273,12.6793,31.9454
691.298,332.758,12.3351,30.7076
690.9,333.26,12.6419,31.1207
690.91,334.264,12.6667,30.8993
691.034,333.226,12.6885,30.4973
690.993,333.224,12.7515,30.2961
690.837,332.985,12.7587,29.9093
690.674,333.58,12.7277,29.4888
690.802,333.556,12.8263,29.3367
690.797,333.572,12.8241,28.979
690.735,333.846,12.8819,28.7455
690.573,334.755,12.8676,28.3528
690.537,335.049,12.9036,28.1215
690.331,335.601,13.0133,28.0284
690.954,335.223,12.8963,27.3631
690.978,335.303,12.9447,27.088
690.911,336.104,12.9953,26.8535
691.1,335.382,13.0817,26.6078
691.009,336.798,13.1545,26.4996
691.093,334.842,13.1347,26.0426
691.162,335.756,13.3153,26.13
691.171,335.703,13.4666,26.0909
691.127,335.844,13.6369,26.0414
691.155,336.015,13.7595,25.8865
690.856,334.844,14.0714,26.1036
690.688,336.476,14.195,26.1451
690.762,336.489,14.1938,25.7829
691.073,336.122,14.1168,25.2861
691.263,335.99,14.0699,24.8523
691.523,336.89,14.0462,24.4909
691.234,335.708,14.2823,24.5185
690.732,337.017,14.2237,24.2015
691.058,337.483,14.1664,23.7872
691.454,337.144,14.2539,23.5839
691.053,336.738,14.4607,23.6362
690.543,337.263,14.5744,23.5642
691.37,337.424,14.512,23.1344
691.368,337.903,14.5159,22.8386
691.522,337.42,14.5297,22.5271
691.813,337.89,14.5908,22.3253
691.512,337.575,14.7656,22.2934
690.818,337.07,15.1212,22.4905
691.227,337.051,15.1336,22.205
691.045,338.424,15.1975,22.0752
691.151,338.053,15.0799,21.5923
691.201,338.729,15.0983,21.3545
691.2,337.679,15.1625,21.1181
691.369,338.408,15.2694,21.0138
691.139,338.677,15.2803,20.7704
690.98,337.621,15.3867,20.6187
690.935,338.016,15.2764,20.2163
690.971,338.428,15.4107,20.1571
690.932,338.407,15.5362,20.052
691.301,339.713,15.533,19.8383
691.055,339.158,15.6673,19.7368
690.966,338.977,15.8009,19.6627
690.54,339.561,15.9406,19.619
690.885,339.596,15.8731,19.2775
690.288,338.52,16.04,19.2405
691.586,339.151,15.9679,18.9408
690.239,338.166,16.3709,19.1868
690.507,339.004,16.1927,18.805
690.835,338.991,16.3317,18.7705
690.96,339.015,16.3111,18.4982
691.208,338.637,16.4682,18.4482
690.632,338.977,16.5286,18.2854
691.326,339.677,16.3706,17.9313
690.653,338.587,16.6894,18.0858
690.807,339.454,16.6422,17.8378
690.929,339.537,16.7267,17.7414
691.056,339.755,16.7751,17.6107
691.228,339.79,16.8511,17.4669
690.295,338.974,17.1249,17.5985
691.073,339.98,17.076,17.3492
690.95,339.351,17.3104,17.4044
690.606,339.633,17.3232,17.253
690.264,339.357,17.5385,17.3091
690.752,339.807,17.4873,17.0976
690.628,340.428,17.5971,17.0244
691.052,340.267,17.6061,16.9174
691.576,339.815,18.0127,17.1821
691.053,339.82,18.1893,17.235
691.297,339.879,18.1233,17.0359
691.659,340.827,18.0172,16.7841
691.075,339.723,18.2819,16.9282
691.253,339.741,18.2584,16.765
690.375,340.129,18.2795,16.6872
690.373,340.842,18.4244,16.7291
690.341,340.534,18.5402,16.7564
691.15,339.754,18.6528,16.7369
691.208,340.043,18.7441,16.7118
691.562,339.953,18.8539,16.654
690.785,340.524,19.1519,16.787
690.289,339.718,19.1708,16.6836
690.777,340.253,19.3066,16.7238
690.576,340.761,19.4832,16.8021
690.077,340.166,19.6032,16.8695
691.11,340.415,19.525,16.7023
691.487,340.862,19.3553,16.4684
690.182,340.087,19.6548,16.7038
690.727,340.482,19.6231,16.6268
691.061,341.198,19.5702,16.5352
691.398,340.991,19.553,16.4647
690.865,339.89,19.6806,16.5011
691.257,340.237,19.4722,16.2322
690.859,340.083,19.5621,16.2254
691.451,341.129,19.8284,16.4499
690.826,340.5,20.0954,16.693
691.042,340.497,20.222,16.7917
691.126,340.084,20.3634,16.9015
690.326,339.61,20.6082,17.0671
690.879,340.77,20.3725,16.8537
690.648,340.131,20.604,17.0032
690.244,340.393,20.585,16.9477
690.458,340.296,20.5252,16.8628
690.849,340.272,20.5697,16.861
690.574,340.115,20.7215,16.9345
690.307,339.556,20.7488,16.9015
690.915,339.829,20.4733,16.5597
689.668,340.703,20.697,16.6628
690.423,340.546,20.7844,16.7181
690.007,340.692,20.8651,16.767
690.124,340.532,20.7914,16.6945
690.693,340.834,20.8651,16.787
690.314,340.333,20.9857,16.8501
689.967,340.052,21.1117,16.8963
690.267,340.553,20.8574,16.6111
689.981,340.823,20.9641,16.6451
690.127,341.004,20.8557,16.5406
690.747,341.262,20.7677,16.4218
690.138,340.75,20.7793,16.4123
690.567,340.564,20.711,16.3217
690.581,340.4,20.8717,16.4238
690.308,340.409,21.0876,16.542
690.879,341.085,21.0161,16.419
691.358,340.429,20.9531,16.4242
690.45,340.566,21.4127,16.7408
689.817,340.422,21.8501,17.095
689.703,340.778,21.7452,16.979
690.361,340.817,21.6514,16.9033
690.347,340.712,21.5355,16.7942
690.281,340.835,21.5131,16.7739
690.447,340.81,21.4545,16.685
689.811,341.007,21.6751,16.8653
690.498,341.119,21.3658,16.5463
689.793,341.806,21.5062,16.6168
690.674,341.433,21.3521,16.4764
689.858,340.664,21.458,16.5956
689.932,341.359,21.4244,16.5726
689.954,341.975,21.4841,16.6103
689.885,341.715,21.5374,16.6808
690.522,341.131,21.618,16.7626
690.669,341.05,21.5515,16.7109
690.861,341.205,21.5974,16.7477
691.282,341.434,21.7053,16.8548
690.575,340.206,21.9699,17.0728
689.816,340.578,22.2078,17.2424
690.724,341.315,22.1208,17.1429
690.406,341.512,22.0048,17.0113
691.025,341.543,21.9125,16.9266
689.994,340.472,22.0381,17.0339
690.491,341.443,21.6988,16.7262
690.508,341.144,21.5217,16.5626
690.695,341.171,21.5589,16.5802
690.775,341.23,21.5174,16.5663
690.969,341.312,21.5044,16.5426
691.01,341.581,21.3665,16.4364
690.177,341.165,21.5379,16.6359
690.652,341.843,21.488,16.6359
690.181,341.053,21.7551,16.8702
690.038,340.623,21.6775,16.7897
690.211,340.403,21.5408,16.643
690.473,341.519,21.385,16.5141
690.013,341.537,21.7032,16.7534
690.086,340.969,21.5423,16.6208
691.049,340.856,21.5324,16.6698
691.291,341.218,21.7028,16.8157
690.588,340.935,21.6884,16.7342
690.694,341.133,21.7602,16.805
690.344,341.363,21.5572,16.6427
690.653,341.599,21.6157,16.6613
690.735,340.918,21.5269,16.5774
691.01,341.453,21.6207,16.6319
691.111,341.627,21.3732,16.4239
690.367,340.911,21.5302,16.5764
690.633,340.77,21.4536,16.4989
690.111,339.937,21.7731,16.7481
690.249,340.626,21.7061,16.6793
690.528,341.056,21.6581,16.6079
690.483,341.29,21.333,16.2893
690.366,341.432,21.3833,16.3309
690.563,340.578,21.2128,16.1544
690.725,341.096,20.974,15.9529
690.651,340.519,21.303,16.2327
689.98,341.058,21.569,16.3728
690.612,341.022,21.3629,16.2179
690.241,340.726,21.823,16.5696
690.097,340.377,21.759,16.5044
690.124,341.208,21.5428,16.3095
691.023,340.568,21.4663,16.25
690.24,340.772,21.5932,16.354
690.315,341.202,21.6293,16.4217
690.512,340.129,21.4777,16.3
690.014,339.749,21.6953,16.4416
690.281,340.366,21.4725,16.2336
690.675,340.446,21.6639,16.4164
690.989,340.317,21.7031,16.4434
690.473,340.483,21.8497,16.5468
690.473,341.244,21.7488,16.4696
690.547,340.781,21.5236,16.2905
690.735,340.826,21.3287,16.1034
690.116,340.921,21.601,16.3387
690.204,341.387,21.6113,16.3476
690.136,340.997,21.4227,16.2142
690.537,341.529,21.5631,16.3926
690.972,340.645,21.618,16.4339
691.136,340.927,21.5874,16.3932
690.456,340.068,21.7515,16.5272
690.713,340.589,21.5708,16.3213
691.039,340.96,21.5654,16.3033
691.215,341.319,21.6594,16.4264
690.558,340.778,21.8265,16.5445
690.541,341.179,21.8325,16.5242
690.538,340.995,21.9812,16.6388
689.596,340.792,22.0414,16.6693
690.051,341.076,21.9492,16.564
689.928,341.505,21.9807,16.646
690.056,341.371,22.0246,16.6537
690.439,342.149,21.9773,16.6097
690.563,341.594,21.9852,16.6502
689.672,340.73,22.3948,16.9878
690.068,341.161,22.4542,17.0681
689.412,341.14,22.5997,17.1702
690.481,341.3,22.2018,16.8755
690.169,340.42,22.0434,16.7544
690.48,341.006,22.0098,16.7382
691.159,341.599,21.8306,16.5202
690.372,341.63,22.0424,16.6705
690.831,341.395,22.0063,16.6136
690.694,341.626,22.0965,16.6529
690.352,341.078,21.9795,16.6026
690.012,341.738,22.0427,16.668
690.536,341.458,22.1078,16.8162
690.183,341.07,21.9047,16.6781
690.153,341.136,21.8315,16.6122
690.04,341.288,21.8618,16.6134
690.103,341.271,22,16.744
690.204,341.248,22.0249,16.757
691.049,341.088,22.0986,16.79
690.964,340.879,22.0404,16.7361
691.224,340.876,22.1095,16.7639
690.944,340.538,21.9464,16.6379
690.38,341.288,22.2037,16.7994
690.003,341.359,22.1371,16.7195
690.39,342.096,22.1672,16.7965
690.095,341.285,22.1297,16.7693
690.596,341.504,21.9994,16.6246
689.628,341.573,22.4065,16.9904
689.914,340.772,22.389,17.0186
690.178,341.809,22.1204,16.7595
690.612,341.311,22.1507,16.7741
690.439,341.108,22.2123,16.8213
690.313,340.35,22.1857,16.7875
690.153,339.96,22.0985,16.7134
690.971,340.631,22.1079,16.7997
690.69,340.712,22.1466,16.7972
690.727,340.451,22.1006,16.7269
690.267,341.059,22.223,16.8427
690.199,340.888,22.1899,16.782
690.707,341.196,21.9568,16.5526
689.779,341.096,22.2385,16.7661
690.309,341.275,22.1552,16.6849
690.574,341.291,22.1687,16.6875
690.53,341.258,22.0932,16.6158
690.405,341.238,22.0749,16.59
690.563,341.086,22.1797,16.6477
690.783,340.844,22.173,16.6295
690.654,341.099,22.1006,16.5495
690.522,341.392,22.0919,16.5344
690.415,341.448,22.0582,16.4753
690.21,340.292,21.7089,16.217
690.597,340.886,21.7708,16.2364
690.627,340.674,21.88,16.2944
690.528,341.074,21.939,16.3202
690.291,340.217,21.8654,16.3003
690.218,340.296,21.8069,16.2351
690.262,340.451,21.8978,16.3354
690.143,340.814,21.9496,16.3634
690.122,341.076,21.9408,16.3778
690.09,340.269,22.0073,16.4634
690.601,340.512,21.9213,16.4034
690.913,340.19,22.1657,16.6025
690.986,340.833,21.9248,16.3312
690.195,341.002,22.3232,16.6361
689.865,341.482,22.5561,16.8043
690.35,340.884,22.4718,16.7182
690.045,341.206,22.746,16.9459
690.273,340.372,22.6173,16.8643
690.844,340.493,22.6231,16.9537
690.334,340.397,22.6944,16.9914
690.875,340.442,22.8108,17.1282
690.615,340.993,23.1083,17.3486
690.593,340.856,23.1136,17.3678
690.497,340.893,23.0234,17.2904
690.415,340.795,23.0466,17.3613
690.18,340.942,23.0129,17.3157
690.136,341.017,22.9784,17.3688
689.306,340.746,23.0857,17.4365
689.994,340.877,22.6526,17.0792
690.548,341.622,22.1884,16.6873
690.67,340.772,22.1965,16.7257
690.523,340.888,22.129,16.6754
690.475,341.555,22.1944,16.7061
690.298,340.806,21.9988,16.5958
690.209,340.758,21.8273,16.428
690.295,340.833,21.9275,16.513
690.336,341.289,22.0879,16.6607
691.064,341.326,22.1146,16.7132
691.137,341.562,22.2989,16.87
689.747,340.666,22.4791,17.037
690.095,341.422,22.0809,16.6897
690.945,341.516,22.0831,16.7318
690.813,340.75,22.0015,16.6688
690.847,340.832,22.0203,16.6645
690.647,341.367,22.0058,16.6775
690.455,341.287,22.0171,16.6843
691.335,341.581,22.2009,16.8923
690.501,340.737,22.3129,16.9851
690.051,340.227,22.3607,17.0261
689.705,340.296,22.3327,16.9436
690.106,340.618,22.5473,17.1453
690.968,341.189,22.3597,16.9309
690.093,339.607,22.6383,17.1823
690.485,341.065,22.2015,16.7679
690.3,341.041,22.1544,16.6892
690.054,341.199,22.1608,16.6633
690.629,341.942,22.1938,16.6822
