177,51,21,129
176.875,50.9573,21.0022,129.014
180,60,20,122
180,48,20,122
179.948,48.043,19.9894,121.935
179.896,48.1561,19.9013,121.398
179.847,48.2033,19.8043,120.806
179.722,48.4313,19.7008,120.175
179.735,48.1936,19.7215,120.301
179.576,48.0536,19.6719,119.998
180,48,20,122
180,48,20,122
180,48,20,122
180,48,20,122
179.885,48.181,19.7855,120.691
179.629,48.3906,19.6411,119.81
179.403,48.6977,19.5029,118.968
176,48,20,122
175.849,48.9498,19.6725,120.002
176,48,20,122
176,48,20,122
175.681,48.4604,19.8176,120.888
175.599,48.2061,19.4751,118.798
176,60,20,122
175.559,59.7017,19.7082,120.22
175.188,59.584,19.3887,118.271
174,72,20,122
173.578,70.7128,19.9097,121.449
170,72,20,122
170,84,20,122
170,84,20,122
169.91,84.6261,19.5238,119.095
170.007,84.3675,18.9875,115.824
169.706,83.2436,18.65,113.765
172,72,20,122
171.878,71.6437,19.5468,119.235
14,60,20,122
13.2488,57.5205,20.0003,122.002
12,60,20,122
11.4184,57.6175,19.977,121.86
10.9038,56.3512,19.6933,120.129
10.3571,53.392,19.7744,120.624
9.87563,51.361,19.5802,119.439
9.48195,48.9538,19.4998,118.948
9.01015,46.4318,19.4968,118.931
98,36,20,122
138,60,20,122
137.575,57.5301,19.9795,121.875
137.205,54.8689,20.0483,122.294
136.802,52.3067,20.1227,122.748
136.328,50.1936,20.0814,122.496
138,48,20,122
137.737,45.1671,20.1798,123.097
137.41,42.6837,20.2553,123.557
137.067,40.738,20.1984,123.21
136.856,38.6459,20.2298,123.402
136,36,20,122
136,36,20,122
135.87,34.0716,20.067,122.409
135.667,32.6012,20.0912,122.556
135.63,31.2697,20.0318,122.194
135.532,30.0385,20.045,122.275
135.546,28.7886,20.0752,122.459
135.363,27.943,20.0409,122.249
135.146,27.0963,20.095,122.579
134.997,26.4265,20.13,122.793
134.893,26.221,20.0651,122.397
134.759,26.3389,19.9672,121.8
134.595,26.3007,19.9609,121.761
134.399,26.3901,19.9601,121.757
134.198,26.1708,20.0722,122.441
133.975,26.6463,20.0898,122.548
133.678,27.2498,20.0707,122.431
133.568,28.4615,19.9631,121.775
133.367,29.6569,19.9009,121.395
132.97,30.6,19.9789,121.871
132.614,31.5946,20.0321,122.196
132.207,33.1112,20.0542,122.33
131.807,34.3399,20.2028,123.237
132,36,20,122
131.596,37.9674,20.0107,122.065
131.016,40.013,20.0611,122.372
130.282,41.7066,20.219,123.336
129.735,44.0014,20.2508,123.53
126,48,20,122
125.397,50.1085,20.0883,122.539
124.804,52.6403,20.1017,122.621
124.115,55.0295,20.157,122.958
123.331,57.7143,20.2623,123.6
124,60,20,122
123.235,62.689,20.0787,122.48
122.29,65.4596,20.1366,122.834
121.346,67.8618,20.2227,123.358
166,60,20,122
165.122,62.4426,20.1146,122.699
163.822,63.9834,20.4097,124.499
162.789,65.6156,20.8358,127.098
120,84,20,122
119.086,86.3013,20.1038,122.633
148,0,20,122
146.924,2.40103,20.0008,122.005
200,36,20,122
198.924,38.2527,20.0724,122.442
197.87,40.3747,20.0604,122.369
177.6,14.4,24,146.4
184.8,14.4,24,146.4
183.755,16.3409,23.9555,146.128
182.429,17.7794,24.0636,146.788
132,24,20,122
131.007,25.7912,19.9329,121.591
124,24,20,122
120,48,20,122
118.973,49.446,19.9759,121.853
117.772,50.4289,20.0298,122.181
177.6,28.8,24,146.4
122,72,20,122
121.01,73.0192,19.9372,121.617
128,72,20,122
127.014,72.43,20.0483,122.294
128,84,20,122
189.6,57.6,24,146.4
188.612,58.0263,23.9882,146.328
187.161,58.6783,23.9656,146.19
186.445,59.2728,23.8208,145.307
172,24,20,122
182.4,57.6,24,146.4
184.8,57.6,24,146.4
183.919,57.5926,23.9795,146.275
106,84,20,122
106,84,20,122
110,84,20,122
112,84,20,122
111.112,83.6986,19.9943,121.965
122,84,20,122
122,84,20,122
121.169,83.4876,20.0113,122.069
120.18,82.9086,20.0238,122.145
119.358,82.1615,20.0684,122.417
196,24,20,122
195.176,23.6643,19.9208,121.517
102,72,20,122
98,48,20,122
97.1853,46.9182,20.0801,122.489
100,48,20,122
102,36,20,122
100,36,20,122
99.2427,35.0181,20.0282,122.172
210,36,20,122
208,36,20,122
207.181,34.7298,20.0213,122.13
82,12,20,122
96,60,20,122
95.3249,58.8083,19.967,121.799
94.1804,57.245,20.07,122.427
86,36,20,122
194,24,20,122
84,48,20,122
84,60,20,122
83.0852,58.2686,20.0623,122.38
81.9552,56.5949,20.0843,122.514
81.0425,54.6964,20.135,122.824
79.9411,53.1317,20.0512,122.312
78.9347,51.3091,20.0609,122.371
77.7656,49.0446,20.1273,122.777
76.8446,47.0973,20.1114,122.68
75.677,44.7317,20.2029,123.238
74,36,20,122
72,12,20,122
70.9956,9.76507,19.9317,121.583
69.6895,6.84448,20.0146,122.089
50,72,20,122
48.7407,68.8701,20.1101,122.672
47.3415,65.7537,20.1284,122.783
45.9561,62.6298,20.2518,123.536
40,48,20,122
34,48,20,122
32.5166,44.3342,20.0505,122.308
34,48,20,122
32.4319,43.4623,20.1986,123.211
30.7943,38.7651,20.3084,123.881
28,36,20,122
26.3735,30.6463,20.2394,123.46
24.8132,25.673,20.4177,124.548
23.3577,21.0937,20.49,124.989
21.6707,15.1231,20.8303,127.065
22,12,20,122
20.5211,6.73791,20.0578,122.352
19.091,1.01579,20.1061,122.647
17.322,-5.58116,20.4037,124.463
15.7009,-11.4574,20.4718,124.878
14.2588,-17.3732,20.5011,125.057
13.1297,-23.0294,20.4904,124.991
11.4864,-30.4205,20.9561,127.832
10.1392,-37.763,21.4142,130.627
14.4,17.28,28.8,175.68
13.4492,11.201,28.6886,175.001
12.4877,4.64594,28.6808,174.953
14.4,0,28.8,175.68
13.3913,-7.06194,29.1845,178.026
12.5464,-14.0138,29.2461,178.401
11.732,-22.2951,29.7311,181.36
10.2782,-31.7913,30.6461,186.941
9.10915,-40.0084,31.0891,189.643
8.26179,-48.264,31.6578,193.113
7.45726,-54.9596,31.6483,193.055
6.46172,-62.3689,31.682,193.26
5.71075,-69.2862,31.71,193.431
4.6675,-76.474,31.8732,194.427
3.70584,-83.3289,31.8649,194.376
2.81621,-88.9966,31.6976,193.355
1.83683,-95.2188,31.4776,192.013
0.592563,-101.605,31.4164,191.64
-0.886055,-110.056,31.9152,194.683
-2.04727,-111.758,30.8061,187.917
-3.20863,-115.701,30.0188,183.115
-5.62107,-126.59,31.7043,193.396
-7.32343,-131.344,31.1148,189.8
-8.84166,-137.669,31.4093,191.597
-11.4885,-147.203,32.2957,197.004
-19.0062,-189.518,44.405,270.871
Tracking failure detected
Tracking failure detected
Tracking failure detected
Tracking failure detected
Tracking failure detected
Tracking failure detected
Tracking failure detected
Tracking failure detected
Tracking failure detected
Tracking failure detected
Tracking failure detected
