160,164,134,136
160,164,134,136
160,160,134,136
160,158,134,136
160,154,134,136
160,152,134,136
160,150,134,136
160,148,134,136
160,148,134,136
160,148,134,136
160,148,134,136
160,148,134,136
160,148,134,136
160,148,134,136
162,148,134,136
160,148,134,136
162,148,134,136
162,148,134,136
164,148,134,136
168,148,134,136
170,148,134,136
174,148,134,136
178,148,134,136
184,148,134,136
194,148,134,136
202,150,134,136
210,150,134,136
220,152,134,136
230,152,134,136
238,152,134,136
246,154,134,136
252,156,134,136
260,156,134,136
264,156,134,136
266,158,134,136
266,158,134,136
266,158,134,136
266,158,134,136
266,158,134,136
264,158,134,136
264,158,134,136
264,158,134,136
262,158,134,136
258,156,134,136
254,156,134,136
250,154,134,136
244,154,134,136
240,152,134,136
234,152,134,136
226,150,134,136
218,148,134,136
210,146,134,136
200,146,134,136
192,144,134,136
182,142,134,136
170,140,134,136
160,138,134,136
152,136,134,136
142,136,134,136
128,134,134,136
120,134,134,136
112,136,134,136
102,140,134,136
92,144,134,136
82,148,134,136
72,152,134,136
66,156,134,136
58,160,134,136
54,162,134,136
50,166,134,136
46,172,134,136
44,178,134,136
42,186,134,136
42,192,134,136
44,196,134,136
50,198,134,136
54,200,134,136
60,202,134,136
70,202,134,136
80,202,134,136
92,200,134,136
104,200,134,136
118,200,134,136
128,198,134,136
142,198,134,136
156,198,134,136
170,198,134,136
184,198,134,136
198,198,134,136
208,196,134,136
220,196,134,136
228,196,134,136
236,196,134,136
244,194,134,136
250,194,134,136
254,192,134,136
258,190,134,136
260,188,134,136
260,188,134,136
260,188,134,136
260,186,134,136
258,184,134,136
254,182,134,136
252,180,134,136
250,178,134,136
246,176,134,136
242,172,134,136
238,170,134,136
232,166,134,136
228,162,134,136
222,160,134,136
214,158,134,136
208,156,134,136
202,156,134,136
194,156,134,136
188,156,134,136
182,156,134,136
Tracking failure detected
Tracking failure detected
Tracking failure detected
Tracking failure detected
Tracking failure detected
Tracking failure detected
Tracking failure detected
Tracking failure detected
Tracking failure detected
Tracking failure detected
Tracking failure detected
Tracking failure detected
Tracking failure detected
Tracking failure detected
Tracking failure detected
Tracking failure detected
Tracking failure detected
Tracking failure detected
Tracking failure detected
Tracking failure detected
Tracking failure detected
Tracking failure detected
Tracking failure detected
Tracking failure detected
Tracking failure detected
Tracking failure detected
Tracking failure detected
Tracking failure detected
Tracking failure detected
Tracking failure detected
Tracking failure detected
Tracking failure detected
Tracking failure detected
Tracking failure detected
Tracking failure detected
Tracking failure detected
Tracking failure detected
Tracking failure detected
Tracking failure detected
Tracking failure detected
Tracking failure detected
Tracking failure detected
Tracking failure detected
Tracking failure detected
Tracking failure detected
Tracking failure detected
Tracking failure detected
Tracking failure detected
Tracking failure detected
Tracking failure detected
Tracking failure detected
202,172,134,136
204,174,134,136
202,176,134,136
198,176,134,136
194,176,134,136
190,176,134,136
184,178,134,136
182,178,134,136
176,180,134,136
174,180,134,136
168,182,134,136
166,184,134,136
162,184,134,136
160,186,134,136
160,186,134,136
160,188,134,136
162,188,134,136
160,190,134,136
164,190,134,136
166,192,134,136
166,192,134,136
168,194,134,136
172,194,134,136
174,196,134,136
174,196,134,136
176,196,134,136
178,196,134,136
176,196,134,136
178,196,134,136
176,196,134,136
178,196,134,136
176,196,134,136
178,196,134,136
