333,40,40,40
329.028,33.3186,47.6873,51.8284
326.106,19.9063,56.8075,60.8981
323.182,3.39262,65.7265,68.7328
318.816,-13.9628,73.1499,74.8943
324.037,-24.3163,77.5642,77.6665
333.011,-24.066,79.568,81.0848
332.139,-47.9736,86.9117,86.9091
328.848,-74.3754,93.9664,93.9811
320.932,-98.2478,100.628,101.972
305.109,-139.613,147.6,160.191
285.209,-183.106,171.137,188.432
260.204,-231,215.541,237.942
216.262,-303.661,317.657,358.746
203.741,-316.472,355.414,412.084
217.448,-288.37,372.291,440.869
212.056,-344.234,430.501,508.952
192.234,-356.405,458.088,541.627
183.901,-362.112,485.652,575.89
181.353,-347.129,488.788,581.479
159.211,-314.241,485.816,576.14
190.77,-240.41,410.748,505.316
236.921,-172.263,339.515,435.17
227.725,-80.7623,366.871,463.582
202.749,79.2327,357.736,452.673
262.782,181.978,345.855,430.341
235.363,238.285,343.065,428.966
235.792,289.242,346.381,436.541
232.092,294.964,338.831,443.401
255.383,291.472,341.905,461.9
229.633,301.862,359.171,491.758
213.388,270.964,361.267,509.944
202.861,329.633,354.913,515.464
198.775,349.995,358.299,531.909
207.959,360.776,367.348,565.233
196.274,376.13,366.244,595.196
176.527,364.311,356.518,616.456
189.66,350.159,351.752,645.168
250.267,298.949,361.188,695.499
249.584,351.671,365.361,733.386
245.6,406.48,379.313,813.119
234.171,409.991,397.04,901.311
152.619,158.108,446.935,1119.57
145.167,19.1763,444.593,1184.01
164.142,176.815,445.473,1215.4
154.384,347.417,452.433,1283.65
111.314,139.537,473.243,1448.15
116.215,57.4214,495.993,1615.2
135.983,232.099,491.542,1619.44
118.597,-58.4907,516.622,1829.67
118.177,128.981,517.829,1881.91
103.06,290.458,503.704,1865.31
111.123,-161.075,549.95,2194.04
117.321,159.957,551.41,2207.64
156.861,408.168,527.441,2317.99
215.631,535.415,495.45,2386.78
211.647,436.348,534.934,2597.91
217.491,765.388,556.17,2918.33
193.896,934.943,560.043,3120.27
165.927,1026.18,559.871,3360.64
140.902,1537.82,578.692,3443.32
97.2161,1358.4,668.431,4051.38
83.9883,1421.5,721.445,4514.47
35.1454,1669.06,743.095,4734.64
14.3834,1843.21,762.991,4991.59
3.90454,2109.17,730.273,5027.46
-9.18884,1948.22,805.511,5640.33
48.4623,1069.75,814.583,6434.76
-76.6617,441.251,823.798,6908.42
-7.75366,929.049,802.849,6942.67
46.936,330.85,818.747,7952.11
-172.635,-776.682,844.047,8927.77
Tracking failure detected
Tracking failure detected
Tracking failure detected
Tracking failure detected
Tracking failure detected
Tracking failure detected
Tracking failure detected
Tracking failure detected
Tracking failure detected
Tracking failure detected
Tracking failure detected
Tracking failure detected
Tracking failure detected
Tracking failure detected
Tracking failure detected
Tracking failure detected
Tracking failure detected
Tracking failure detected
Tracking failure detected
Tracking failure detected
Tracking failure detected
Tracking failure detected
Tracking failure detected
Tracking failure detected
Tracking failure detected
Tracking failure detected
Tracking failure detected
Tracking failure detected
