197,87,38,18
Tracking failure detected
Tracking failure detected
Tracking failure detected
Tracking failure detected
Tracking failure detected
Tracking failure detected
Tracking failure detected
Tracking failure detected
Tracking failure detected
Tracking failure detected
Tracking failure detected
Tracking failure detected
Tracking failure detected
Tracking failure detected
Tracking failure detected
Tracking failure detected
Tracking failure detected
Tracking failure detected
Tracking failure detected
Tracking failure detected
Tracking failure detected
Tracking failure detected
Tracking failure detected
Tracking failure detected
Tracking failure detected
Tracking failure detected
Tracking failure detected
Tracking failure detected
Tracking failure detected
Tracking failure detected
Tracking failure detected
Tracking failure detected
Tracking failure detected
Tracking failure detected
Tracking failure detected
Tracking failure detected
Tracking failure detected
Tracking failure detected
Tracking failure detected
Tracking failure detected
Tracking failure detected
Tracking failure detected
Tracking failure detected
Tracking failure detected
Tracking failure detected
Tracking failure detected
Tracking failure detected
Tracking failure detected
Tracking failure detected
Tracking failure detected
Tracking failure detected
Tracking failure detected
Tracking failure detected
Tracking failure detected
Tracking failure detected
Tracking failure detected
Tracking failure detected
Tracking failure detected
Tracking failure detected
Tracking failure detected
Tracking failure detected
Tracking failure detected
Tracking failure detected
Tracking failure detected
Tracking failure detected
Tracking failure detected
Tracking failure detected
Tracking failure detected
Tracking failure detected
Tracking failure detected
Tracking failure detected
Tracking failure detected
Tracking failure detected
Tracking failure detected
Tracking failure detected
Tracking failure detected
Tracking failure detected
Tracking failure detected
Tracking failure detected
Tracking failure detected
Tracking failure detected
Tracking failure detected
200,106,42,20
200,108,42,20
204,108,42,20
207.334,108.093,42.0755,20.036
200,108,42,20
200,108,42,20
200,106,42,20
200,108,42,20
204,108,42,20
200,106,42,20
204,108,42,20
200,106,42,20
200,106,42,20
204,108,42,20
200,106,42,20
208,106,42,20
200,108,42,20
200,108,42,20
200,106,42,20
200,106,42,20
200,106,42,20
196,106,42,20
196,104,42,20
200,106,42,20
208,108,42,20
196,104,42,20
200,104,42,20
200,102,42,20
200,104,42,20
200,104,42,20
200,104,42,20
200,104,42,20
200,104,42,20
200,102,42,20
200,102,42,20
200,102,42,20
200,102,42,20
200,102,42,20
200,102,42,20
200,102,42,20
200,106,42,20
200,104,42,20
200,104,42,20
200,104,42,20
200,104,42,20
204,108,42,20
212,106,42,20
208,106,42,20
196,106,42,20
196,106,42,20
208,104,42,20
208,106,42,20
204,104,42,20
200,104,42,20
196,106,42,20
196,104,42,20
204,102,42,20
196,104,42,20
196,104,42,20
200,106,42,20
200,106,42,20
200,104,42,20
200,104,42,20
196,104,42,20
200,102,42,20
204,104,42,20
204,104,42,20
200,102,42,20
200,104,42,20
196,104,42,20
196,106,42,20
196,106,42,20
196,106,42,20
196,102,42,20
204,104,42,20
204,104,42,20
204,104,42,20
204,102,42,20
192,104,42,20
200,104,42,20
200,104,42,20
208,102,42,20
192,102,42,20
192,102,42,20
192,100,42,20
196,102,42,20
196,102,42,20
200,104,42,20
200,104,42,20
200,104,42,20
200,104,42,20
200,102,42,20
212,98,42,20
212,98,42,20
212,100,42,20
200,100,42,20
212,100,42,20
200,100,42,20
200,100,42,20
204,100,42,20
200,100,42,20
204,102,42,20
204,102,42,20
208,102,42,20
208,102,42,20
208,102,42,20
216,100,42,20
216,98,42,20
216,100,42,20
216,100,42,20
216,100,42,20
208,102,42,20
208,102,42,20
204,100,42,20
204,100,42,20
204,102,42,20
204,102,42,20
204,102,42,20
204,102,42,20
204,102,42,20
204,100,42,20
208,100,42,20
204,102,42,20
208,102,42,20
208,102,42,20
208,102,42,20
208,102,42,20
208,102,42,20
204,102,42,20
204,102,42,20
204,98,42,20
204,98,42,20
216,98,42,20
200,98,42,20
212,98,42,20
204,100,42,20
212,100,42,20
208,100,42,20
200,98,42,20
200,96,42,20
204,100,42,20
200,96,42,20
204,96,42,20
216,94,42,20
212,98,42,20
216,94,42,20
216,96,42,20
216,96,42,20
212,100,42,20
216,96,42,20
204,96,42,20
204,98,42,20
204,98,42,20
208,100,42,20
208,100,42,20
208,100,42,20
208,96,42,20
212,98,42,20
212,98,42,20
212,98,42,20
212,98,42,20
216,98,42,20
212,98,42,20
220,94,42,20
204,98,42,20
212,96,42,20
212,96,42,20
208,96,42,20
216,96,42,20
220,100,42,20
212,100,42,20
201.6,93.6,50.4,24
200,98,42,20
216,96,42,20
206.4,93.6,50.4,24
206.4,93.6,50.4,24
201.6,93.6,50.4,24
201.6,93.6,50.4,24
211.2,93.6,50.4,24
216,100,42,20
211.2,96,50.4,24
220.8,91.2,50.4,24
216,98,42,20
216,93.6,50.4,24
216,88.8,50.4,24
211.2,88.8,50.4,24
225.6,91.2,50.4,24
220.8,91.2,50.4,24
220.8,88.8,50.4,24
240,92,42,20
230.4,86.4,50.4,24
225.6,88.8,50.4,24
225.6,88.8,50.4,24
235.2,86.4,50.4,24
230.4,91.2,50.4,24
225.6,91.2,50.4,24
225.6,91.2,50.4,24
230.4,88.8,50.4,24
225.6,91.2,50.4,24
225.6,91.2,50.4,24
225.6,91.2,50.4,24
225.6,91.2,50.4,24
225.6,91.2,50.4,24
230.4,91.2,50.4,24
225.6,91.2,50.4,24
225.6,91.2,50.4,24
225.6,88.8,50.4,24
220.8,88.8,50.4,24
220.8,88.8,50.4,24
220.8,88.8,50.4,24
220.8,88.8,50.4,24
230.4,91.2,50.4,24
220.8,93.6,50.4,24
230.4,91.2,50.4,24
216,91.2,50.4,24
230.4,91.2,50.4,24
216,91.2,50.4,24
216,91.2,50.4,24
216,91.2,50.4,24
225.6,91.2,50.4,24
216,91.2,50.4,24
216,88.8,50.4,24
225.6,86.4,50.4,24
216,88.8,50.4,24
216,88.8,50.4,24
213.12,86.4,60.48,28.8
216,88.8,50.4,24
216,88.8,50.4,24
220.8,88.8,50.4,24
220.8,88.8,50.4,24
220.8,88.8,50.4,24
230.4,86.4,50.4,24
230.4,86.4,50.4,24
230.4,84,50.4,24
230.4,84,50.4,24
230.4,84,50.4,24
230.4,84,50.4,24
230.4,86.4,50.4,24
230.4,84,50.4,24
224.64,83.52,60.48,28.8
224.64,83.52,60.48,28.8
224.64,80.64,60.48,28.8
224.64,83.52,60.48,28.8
224.64,83.52,60.48,28.8
220.8,88.8,50.4,24
224.64,86.4,60.48,28.8
220.8,91.2,50.4,24
218.88,86.4,60.48,28.8
224.64,83.52,60.48,28.8
224.64,86.4,60.48,28.8
207.36,86.4,60.48,28.8
230.4,86.4,50.4,24
230.4,86.4,50.4,24
213.12,86.4,60.48,28.8
230.4,88.8,50.4,24
230.4,91.2,50.4,24
232,92,42,20
220.8,88.8,50.4,24
213.12,89.28,60.48,28.8
230.4,91.2,50.4,24
213.12,89.28,60.48,28.8
213.12,89.28,60.48,28.8
224.64,89.28,60.48,28.8
224.64,89.28,60.48,28.8
218.88,89.28,60.48,28.8
218.88,89.28,60.48,28.8
207.36,89.28,60.48,28.8
218.88,89.28,60.48,28.8
224.64,86.4,60.48,28.8
218.88,86.4,60.48,28.8
218.88,86.4,60.48,28.8
218.88,86.4,60.48,28.8
218.88,86.4,60.48,28.8
218.88,89.28,60.48,28.8
218.88,86.4,60.48,28.8
218.88,86.4,60.48,28.8
218.88,86.4,60.48,28.8
207.36,89.28,60.48,28.8
207.36,89.28,60.48,28.8
207.36,89.28,60.48,28.8
207.36,89.28,60.48,28.8
213.12,89.28,60.48,28.8
216,96,50.4,24
201.6,92.16,60.48,28.8
213.12,89.28,60.48,28.8
201.6,92.16,60.48,28.8
218.88,92.16,60.48,28.8
201.6,92.16,60.48,28.8
201.6,92.16,60.48,28.8
201.6,95.04,60.48,28.8
201.6,95.04,60.48,28.8
201.6,95.04,60.48,28.8
195.84,95.04,60.48,28.8
195.84,95.04,60.48,28.8
201.6,95.04,60.48,28.8
195.84,95.04,60.48,28.8
201.6,100.8,60.48,28.8
195.84,97.92,60.48,28.8
195.84,97.92,60.48,28.8
207.36,97.92,60.48,28.8
195.84,100.8,60.48,28.8
201.6,97.92,60.48,28.8
207.36,97.92,60.48,28.8
207.36,97.92,60.48,28.8
190.08,100.8,60.48,28.8
190.08,100.8,60.48,28.8
190.08,100.8,60.48,28.8
190.08,100.8,60.48,28.8
195.84,100.8,60.48,28.8
195.84,100.8,60.48,28.8
195.84,103.68,60.48,28.8
186.624,100.224,72.576,34.56
200.448,100.224,72.576,34.56
200.448,100.224,72.576,34.56
207.36,100.224,72.576,34.56
193.536,103.68,72.576,34.56
193.536,103.68,72.576,34.56
193.536,100.224,72.576,34.56
214.272,100.224,72.576,34.56
200.448,103.68,72.576,34.56
193.536,100.224,72.576,34.56
193.536,96.768,72.576,34.56
193.536,96.768,72.576,34.56
200.448,96.768,72.576,34.56
200.448,96.768,72.576,34.56
207.36,93.312,72.576,34.56
207.36,96.768,72.576,34.56
193.536,96.768,72.576,34.56
193.536,96.768,72.576,34.56
193.536,100.224,72.576,34.56
207.36,96.768,72.576,34.56
193.536,96.768,72.576,34.56
201.6,97.92,60.48,28.8
193.536,96.768,72.576,34.56
201.6,97.92,60.48,28.8
193.536,96.768,72.576,34.56
207.36,93.312,72.576,34.56
207.36,89.856,72.576,34.56
193.536,93.312,72.576,34.56
193.536,93.312,72.576,34.56
221.184,93.312,72.576,34.56
193.536,93.312,72.576,34.56
193.536,93.312,72.576,34.56
193.536,96.768,72.576,34.56
193.536,96.768,72.576,34.56
200.448,103.68,72.576,34.56
214.272,96.768,72.576,34.56
214.272,96.768,72.576,34.56
199.066,95.3856,87.0912,41.472
214.272,100.224,72.576,34.56
193.536,96.768,72.576,34.56
193.536,100.224,72.576,34.56
207.36,100.224,72.576,34.56
193.536,103.68,72.576,34.56
186.624,100.224,72.576,34.56
186.624,96.768,72.576,34.56
186.624,96.768,72.576,34.56
186.624,96.768,72.576,34.56
186.624,96.768,72.576,34.56
174.182,95.3856,87.0912,41.472
190.771,95.3856,87.0912,41.472
174.182,95.3856,87.0912,41.472
190.771,91.2384,87.0912,41.472
186.624,96.768,72.576,34.56
186.624,96.768,72.576,34.56
186.624,96.768,72.576,34.56
186.624,96.768,72.576,34.56
186.624,96.768,72.576,34.56
182.477,95.3856,87.0912,41.472
190.771,95.3856,87.0912,41.472
182.477,95.3856,87.0912,41.472
182.477,95.3856,87.0912,41.472
190.771,95.3856,87.0912,41.472
190.771,95.3856,87.0912,41.472
207.36,95.3856,87.0912,41.472
207.36,95.3856,87.0912,41.472
207.36,95.3856,87.0912,41.472
207.36,95.3856,87.0912,41.472
199.066,95.3856,87.0912,41.472
193.536,100.224,72.576,34.56
193.536,100.224,72.576,34.56
182.477,95.3856,87.0912,41.472
190.771,95.3856,87.0912,41.472
199.066,95.3856,87.0912,41.472
199.066,91.2384,87.0912,41.472
199.066,91.2384,87.0912,41.472
199.066,91.2384,87.0912,41.472
199.066,91.2384,87.0912,41.472
190.771,91.2384,87.0912,41.472
182.477,91.2384,87.0912,41.472
182.477,91.2384,87.0912,41.472
190.771,91.2384,87.0912,41.472
190.771,91.2384,87.0912,41.472
182.477,91.2384,87.0912,41.472
182.477,95.3856,87.0912,41.472
182.477,95.3856,87.0912,41.472
207.36,91.2384,87.0912,41.472
174.182,91.2384,87.0912,41.472
174.182,91.2384,87.0912,41.472
174.182,91.2384,87.0912,41.472
182.477,91.2384,87.0912,41.472
182.477,91.2384,87.0912,41.472
190.771,87.0912,87.0912,41.472
190.771,87.0912,87.0912,41.472
186.624,93.312,72.576,34.56
174.182,87.0912,87.0912,41.472
199.066,87.0912,87.0912,41.472
174.182,87.0912,87.0912,41.472
174.182,87.0912,87.0912,41.472
174.182,87.0912,87.0912,41.472
174.182,87.0912,87.0912,41.472
190.771,87.0912,87.0912,41.472
190.771,87.0912,87.0912,41.472
207.36,82.944,87.0912,41.472
182.477,87.0912,87.0912,41.472
193.536,93.312,72.576,34.56
182.477,87.0912,87.0912,41.472
207.36,82.944,87.0912,41.472
207.36,82.944,87.0912,41.472
174.182,82.944,87.0912,41.472
174.182,82.944,87.0912,41.472
174.182,87.0912,87.0912,41.472
179.712,89.856,72.576,34.56
174.182,87.0912,87.0912,41.472
174.182,87.0912,87.0912,41.472
179.712,89.856,72.576,34.56
179.712,89.856,72.576,34.56
179.712,93.312,72.576,34.56
179.712,93.312,72.576,34.56
182.477,82.944,87.0912,41.472
179.712,89.856,72.576,34.56
193.536,86.4,72.576,34.56
174.182,87.0912,87.0912,41.472
165.888,82.944,87.0912,41.472
165.888,82.944,87.0912,41.472
174.182,87.0912,87.0912,41.472
182.477,82.944,87.0912,41.472
179.712,93.312,72.576,34.56
193.536,86.4,72.576,34.56
179.712,93.312,72.576,34.56
179.712,93.312,72.576,34.56
193.536,86.4,72.576,34.56
179.712,89.856,72.576,34.56
199.066,82.944,87.0912,41.472
186.624,89.856,72.576,34.56
174.182,82.944,87.0912,41.472
174.182,82.944,87.0912,41.472
174.182,82.944,87.0912,41.472
174.182,82.944,87.0912,41.472
174.182,78.7968,87.0912,41.472
179.712,86.4,72.576,34.56
200.448,82.944,72.576,34.56
174.182,78.7968,87.0912,41.472
179.712,82.944,72.576,34.56
200.448,79.488,72.576,34.56
186.624,86.4,72.576,34.56
207.36,79.488,72.576,34.56
200.448,79.488,72.576,34.56
174.182,74.6496,87.0912,41.472
186.624,82.944,72.576,34.56
174.182,74.6496,87.0912,41.472
190.771,74.6496,87.0912,41.472
207.36,70.5024,87.0912,41.472
207.36,70.5024,87.0912,41.472
174.182,74.6496,87.0912,41.472
182.477,74.6496,87.0912,41.472
207.36,76.032,72.576,34.56
193.536,76.032,72.576,34.56
214.272,72.576,72.576,34.56
214.272,72.576,72.576,34.56
214.272,72.576,72.576,34.56
207.36,72.576,72.576,34.56
193.536,76.032,72.576,34.56
200.448,76.032,72.576,34.56
190.771,74.6496,87.0912,41.472
193.536,82.944,72.576,34.56
193.536,82.944,72.576,34.56
193.536,82.944,72.576,34.56
193.536,86.4,72.576,34.56
199.066,78.7968,87.0912,41.472
193.536,86.4,72.576,34.56
190.771,78.7968,87.0912,41.472
190.771,78.7968,87.0912,41.472
190.771,78.7968,87.0912,41.472
190.771,78.7968,87.0912,41.472
207.36,82.944,72.576,34.56
186.624,82.944,72.576,34.56
186.624,86.4,72.576,34.56
214.272,82.944,72.576,34.56
190.771,78.7968,87.0912,41.472
214.272,82.944,72.576,34.56
182.477,78.7968,87.0912,41.472
182.477,78.7968,87.0912,41.472
193.536,86.4,72.576,34.56
214.272,82.944,72.576,34.56
213.12,92.16,60.48,28.8
213.12,92.16,60.48,28.8
186.624,86.4,72.576,34.56
186.624,86.4,72.576,34.56
186.624,86.4,72.576,34.56
186.624,82.944,72.576,34.56
200.448,82.944,72.576,34.56
179.712,86.4,72.576,34.56
174.182,82.944,87.0912,41.472
179.712,86.4,72.576,34.56
179.712,86.4,72.576,34.56
165.888,82.944,87.0912,41.472
179.712,86.4,72.576,34.56
186.624,86.4,72.576,34.56
208,90,42,20
208,92,42,20
172.8,86.4,72.576,34.56
172.8,86.4,72.576,34.56
179.712,82.944,72.576,34.56
179.712,82.944,72.576,34.56
179.712,79.488,72.576,34.56
179.712,79.488,72.576,34.56
172.8,82.944,72.576,34.56
200.448,82.944,72.576,34.56
200.448,82.944,72.576,34.56
179.712,89.856,72.576,34.56
200.448,82.944,72.576,34.56
200.448,82.944,72.576,34.56
193.536,82.944,72.576,34.56
200.448,82.944,72.576,34.56
186.624,82.944,72.576,34.56
186.624,89.856,72.576,34.56
179.712,86.4,72.576,34.56
179.712,82.944,72.576,34.56
179.712,82.944,72.576,34.56
195.84,83.52,60.48,28.8
179.712,82.944,72.576,34.56
179.712,79.488,72.576,34.56
179.712,82.944,72.576,34.56
186.624,79.488,72.576,34.56
179.712,82.944,72.576,34.56
184.32,86.4,60.48,28.8
200.448,82.944,72.576,34.56
179.712,86.4,72.576,34.56
179.712,86.4,72.576,34.56
184.32,89.28,60.48,28.8
184.32,89.28,60.48,28.8
186.624,86.4,72.576,34.56
186.624,86.4,72.576,34.56
195.84,89.28,60.48,28.8
201.6,89.28,60.48,28.8
195.84,89.28,60.48,28.8
195.84,89.28,60.48,28.8
178.56,92.16,60.48,28.8
178.56,95.04,60.48,28.8
195.84,92.16,60.48,28.8
178.56,95.04,60.48,28.8
178.56,95.04,60.48,28.8
178.56,95.04,60.48,28.8
195.84,97.92,60.48,28.8
195.84,97.92,60.48,28.8
178.56,97.92,60.48,28.8
178.56,97.92,60.48,28.8
195.84,100.8,60.48,28.8
172.8,97.92,60.48,28.8
195.84,100.8,60.48,28.8
178.56,100.8,60.48,28.8
184.32,103.68,60.48,28.8
172.8,103.68,60.48,28.8
184.32,103.68,60.48,28.8
184.32,106.56,60.48,28.8
184.32,109.44,60.48,28.8
172.8,109.44,60.48,28.8
172.8,109.44,60.48,28.8
190.08,112.32,60.48,28.8
167.04,112.32,60.48,28.8
178.56,115.2,60.48,28.8
167.04,115.2,60.48,28.8
167.04,115.2,60.48,28.8
172.8,118.08,60.48,28.8
172.8,120,50.4,24
172.8,120,50.4,24
187.2,122.4,50.4,24
167.04,118.08,60.48,28.8
172.8,122.4,50.4,24
177.6,122.4,50.4,24
187.2,122.4,50.4,24
172.8,124.8,50.4,24
177.6,124.8,50.4,24
177.6,127.2,50.4,24
172.8,127.2,50.4,24
172.8,129.6,50.4,24
172.8,129.6,50.4,24
187.2,129.6,50.4,24
172.8,129.6,50.4,24
182.4,134.4,50.4,24
172.8,132,50.4,24
168,134.4,50.4,24
177.6,134.4,50.4,24
177.6,134.4,50.4,24
177.6,134.4,50.4,24
168,134.4,50.4,24
168,134.4,50.4,24
177.6,136.8,50.4,24
177.6,136.8,50.4,24
168,136.8,50.4,24
177.6,139.2,50.4,24
168,139.2,50.4,24
168,139.2,50.4,24
168,139.2,50.4,24
168,141.6,50.4,24
176,146,42,20
176,144,42,20
176,144,42,20
188,144,42,20
188,144,42,20
176,144,42,20
180,144,42,20
192,144,42,20
180,144,42,20
180,144,42,20
180,144,42,20
192,146,42,20
180,148,42,20
184,146,42,20
188,148,42,20
188,148,42,20
184,152,42,20
188,152,42,20
180,152,42,20
180,154,42,20
180,154,42,20
180,154,42,20
180,156,42,20
192,154,42,20
192,154,42,20
192,154,42,20
180,158,42,20
184,154,42,20
184,154,42,20
184,154,42,20
180,158,42,20
180,158,42,20
180,158,42,20
184,152,42,20
192,154,42,20
184,154,42,20
192,156,42,20
192,156,42,20
192,156,42,20
192,154,42,20
180,154,42,20
180,154,42,20
184,156,42,20
188,156,42,20
188,156,42,20
188,156,42,20
188,154,42,20
188,154,42,20
188,154,42,20
192,154,42,20
195.51,153.922,41.9124,19.9583
192,156,42,20
192,156,42,20
192,156,42,20
188,154,42,20
191.901,154.175,40.5453,19.3073
193.934,154.001,41.5167,19.7699
196.595,153.85,41.5458,19.7837
199.562,153.867,41.2848,19.6594
202.656,153.831,41.5782,19.7992
205.739,153.909,41.0819,19.5628
208.636,153.933,40.9981,19.5229
211.885,154.095,40.3618,19.2199
200,156,42,20
200,156,42,20
200,156,42,20
200,156,42,20
204,156,42,20
207.221,155.872,41.9607,19.9813
210.422,155.721,41.1035,19.5731
213.287,155.15,41.409,19.7186
216.518,154.818,40.7805,19.4193
204,154,42,20
208,152,42,20
211.41,151.59,42.2702,20.1287
214.434,151.413,41.9241,19.9638
217.038,150.959,42.0639,20.0304
219.641,150.355,42.4438,20.2113
208,152,42,20
211.265,151.722,41.7201,19.8667
214.559,151.557,41.9729,19.9871
218.018,151.721,41.5637,19.7922
221.665,151.812,41.3261,19.6791
220,148,42,20
216,152,42,20
212,146,42,20
214.829,145.955,42.4909,20.2338
217.958,146.024,42.0993,20.0473
220.857,145.961,42.3237,20.1542
224.224,146.058,41.6969,19.8556
227.231,146.161,41.8481,19.9277
230.542,146.164,41.5913,19.8054
233.622,146.406,41.4617,19.7437
220,154,42,20
222.935,154.429,41.846,19.9267
225.167,154.325,42.4206,20.2003
227.723,154.373,42.4244,20.2021
224,154,42,20
225.835,153.547,43.8084,20.8611
228.342,153.774,43.7288,20.8233
230.318,153.762,44.6371,21.2558
220,158,42,20
222.102,158.525,43.0217,20.4865
225.021,159.081,42.9127,20.4346
228.229,159.113,43.1098,20.5285
228,162,42,20
228,162,42,20
231.201,162.007,42.899,20.4281
234.807,161.894,43.2108,20.5766
238.609,161.999,42.7078,20.337
242.348,162.025,42.4163,20.1982
246.591,162.115,42.1222,20.0582
12,132,42,20
4,138,42,20
8,138,42,20
12,138,42,20
236,162,42,20
239.55,162.538,41.3586,19.6946
20,138,42,20
28,138,42,20
24,138,42,20
28,140,42,20
8,144,42,20
40,140,42,20
40,140,42,20
44,140,42,20
48,140,42,20
48,140,42,20
48,140,42,20
48,140,42,20
51.333,140.088,41.4306,19.7289
244,164,42,20
60,138,42,20
64,138,42,20
64,138,42,20
63.7779,136.575,48.8711,23.272
72,136,42,20
240,166,42,20
244,166,42,20
244,164,42,20
88,134,42,20
88,136,42,20
84,136,42,20
88,136,42,20
90.9543,136,41.9343,19.9687
93.5792,135.928,42.4773,20.2273
108,130,42,20
104,134,42,20
108,134,42,20
112,134,42,20
116,132,42,20
120,132,42,20
244,158,42,20
252,158,42,20
256,158,42,20
132,132,42,20
136,130,42,20
141.589,129.952,42.1355,20.0645
144.99,129.819,42.8219,20.3914
144,130,42,20
152,128,42,20
156,128,42,20
156,128,42,20
156,128,42,20
160,128,42,20
163.17,127.851,43.2509,20.5957
164,126,42,20
176,124,42,20
268,152,42,20
272,152,42,20
180,126,42,20
184,126,42,20
176,128,42,20
268,150,42,20
276,150,42,20
196,124,42,20
196,124,42,20
268,150,42,20
268,150,42,20
268,150,42,20
276,148,42,20
276,148,42,20
272,146,42,20
220,122,42,20
216,122,42,20
220,120,42,20
272,144,42,20
200,118,42,20
228,122,42,20
232,120,42,20
268,148,42,20
236,122,42,20
272,148,42,20
276,148,42,20
276,148,42,20
276,148,42,20
248,122,42,20
276,146,42,20
276,146,42,20
276,148,42,20
264,122,42,20
264,122,42,20
236,124,42,20
240,120,42,20
264,124,42,20
272,122,42,20
240,124,42,20
244,124,42,20
248,126,42,20
252,128,42,20
252,128,42,20
252,128,42,20
260,130,42,20
260,130,42,20
260,128,42,20
260,128,42,20
260,128,42,20
256,128,42,20
264,126,42,20
264,126,42,20
264,126,42,20
268,126,42,20
268,144,42,20
276,126,42,20
308,122,42,20
280,124,42,20
280,126,42,20
276,126,42,20
316,122,42,20
288,126,42,20
288,126,42,20
332,124,42,20
288,128,42,20
296,128,42,20
296,128,42,20
296,128,42,20
304,130,42,20
344,126,42,20
260,146,42,20
336,126,42,20
308,130,42,20
304,132,42,20
340,130,42,20
316,134,42,20
308,134,42,20
312,134,42,20
316,134,42,20
324,134,42,20
332,136,42,20
332,136,42,20
332,136,42,20
328,136,42,20
332,136,42,20
336,136,42,20
336,136,42,20
332,136,42,20
252,148,42,20
252,148,42,20
253.403,147.938,42.2762,20.1315
344,134,42,20
344.223,133.622,42,20
Tracking failure detected
Tracking failure detected
Tracking failure detected
Tracking failure detected
Tracking failure detected
Tracking failure detected
Tracking failure detected
Tracking failure detected
Tracking failure detected
Tracking failure detected
Tracking failure detected
Tracking failure detected
Tracking failure detected
Tracking failure detected
Tracking failure detected
Tracking failure detected
Tracking failure detected
Tracking failure detected
Tracking failure detected
Tracking failure detected
Tracking failure detected
Tracking failure detected
Tracking failure detected
Tracking failure detected
Tracking failure detected
Tracking failure detected
Tracking failure detected
Tracking failure detected
Tracking failure detected
Tracking failure detected
Tracking failure detected
Tracking failure detected
Tracking failure detected
Tracking failure detected
Tracking failure detected
Tracking failure detected
Tracking failure detected
Tracking failure detected
Tracking failure detected
Tracking failure detected
Tracking failure detected
Tracking failure detected
Tracking failure detected
Tracking failure detected
Tracking failure detected
Tracking failure detected
Tracking failure detected
Tracking failure detected
Tracking failure detected
Tracking failure detected
Tracking failure detected
Tracking failure detected
Tracking failure detected
Tracking failure detected
Tracking failure detected
Tracking failure detected
Tracking failure detected
Tracking failure detected
Tracking failure detected
Tracking failure detected
Tracking failure detected
Tracking failure detected
Tracking failure detected
Tracking failure detected
Tracking failure detected
Tracking failure detected
Tracking failure detected
Tracking failure detected
Tracking failure detected
Tracking failure detected
Tracking failure detected
Tracking failure detected
Tracking failure detected
Tracking failure detected
Tracking failure detected
Tracking failure detected
Tracking failure detected
Tracking failure detected
Tracking failure detected
Tracking failure detected
Tracking failure detected
Tracking failure detected
Tracking failure detected
Tracking failure detected
Tracking failure detected
Tracking failure detected
Tracking failure detected
Tracking failure detected
Tracking failure detected
Tracking failure detected
Tracking failure detected
Tracking failure detected
Tracking failure detected
Tracking failure detected
Tracking failure detected
Tracking failure detected
Tracking failure detected
Tracking failure detected
Tracking failure detected
Tracking failure detected
Tracking failure detected
Tracking failure detected
Tracking failure detected
Tracking failure detected
Tracking failure detected
Tracking failure detected
Tracking failure detected
Tracking failure detected
Tracking failure detected
Tracking failure detected
Tracking failure detected
Tracking failure detected
Tracking failure detected
Tracking failure detected
Tracking failure detected
Tracking failure detected
Tracking failure detected
Tracking failure detected
Tracking failure detected
Tracking failure detected
Tracking failure detected
Tracking failure detected
Tracking failure detected
Tracking failure detected
Tracking failure detected
Tracking failure detected
Tracking failure detected
Tracking failure detected
Tracking failure detected
Tracking failure detected
Tracking failure detected
Tracking failure detected
Tracking failure detected
Tracking failure detected
Tracking failure detected
Tracking failure detected
Tracking failure detected
Tracking failure detected
Tracking failure detected
Tracking failure detected
Tracking failure detected
Tracking failure detected
Tracking failure detected
Tracking failure detected
Tracking failure detected
Tracking failure detected
Tracking failure detected
Tracking failure detected
Tracking failure detected
Tracking failure detected
Tracking failure detected
Tracking failure detected
Tracking failure detected
Tracking failure detected
Tracking failure detected
Tracking failure detected
Tracking failure detected
Tracking failure detected
Tracking failure detected
Tracking failure detected
Tracking failure detected
Tracking failure detected
Tracking failure detected
Tracking failure detected
Tracking failure detected
Tracking failure detected
Tracking failure detected
Tracking failure detected
Tracking failure detected
Tracking failure detected
Tracking failure detected
Tracking failure detected
Tracking failure detected
Tracking failure detected
Tracking failure detected
Tracking failure detected
Tracking failure detected
Tracking failure detected
Tracking failure detected
Tracking failure detected
Tracking failure detected
Tracking failure detected
Tracking failure detected
Tracking failure detected
Tracking failure detected
Tracking failure detected
Tracking failure detected
284,180,42,20
286.325,180.323,42.1737,20.0827
288.658,180.519,43.089,20.5186
291.325,181.355,42.0417,20.0199
292.688,181.21,43.2156,20.5789
295.06,181.585,43.0513,20.5006
297.158,181.832,42.89,20.4238
299.391,182.149,42.88,20.419
301.462,182.393,42.4987,20.2375
296,182,42,20
296,184,42,20
299.259,184.573,41.1828,19.6109
302.264,185.03,40.7201,19.3905
304.607,185.411,40.8376,19.4465
307.145,186.247,39.7535,18.9303
309.374,186.677,39.422,18.7724
311.538,187.057,39.4413,18.7816
313.769,187.957,39.903,19.0014
314.889,187.899,40.9235,19.4874
317.387,188.006,41.3619,19.6962
319.389,187.797,42.6238,20.2971
322.589,188.03,41.5337,19.778
324.707,187.99,42.5481,20.261
327.762,188.43,41.2216,19.6293
330.209,188.484,40.6108,19.3385
332.447,188.636,41.29,19.6619
333.847,188.484,42.9609,20.4576
339.732,191.431,35.8088,17.0518
336.441,190.631,45.7319,21.7771
337.723,190.137,49.5937,23.616
339.031,189.792,52.0746,24.7974
339.256,189.611,56.1519,26.739
342.171,189.949,55.1696,26.2713
343.414,189.21,57.6652,27.4596
312,184,42,20
314.606,183.826,42.4405,20.2098
317.263,183.951,42.1622,20.0772
320.347,184.37,41.1319,19.5866
322.806,184.71,40.4961,19.2839
325.404,184.825,40.3404,19.2097
329.187,185.736,38.2272,18.2034
330.763,185.682,38.615,18.3881
333.313,185.946,37.2935,17.7588
335.05,185.896,38.7446,18.4498
338.544,186.338,36.9887,17.6137
318.186,181.225,60.5805,28.8478
322.553,182.447,55.7845,26.564
324.929,183.17,54.9339,26.159
326.398,183.179,56.2731,26.7967
329.879,183.203,54.29,25.8524
333.782,183.884,51.0941,24.3305
336.213,183.743,51.0574,24.313
337.157,183.279,53.6282,25.5372
338.475,182.553,56.3445,26.8307
326.185,175.981,84.4154,40.1978
328.073,176.277,83.8384,39.9231
331.732,176.919,81.078,38.6086
334.547,177.822,78.551,37.4053
333.043,176.23,85.5406,40.7336
333.611,176.414,87.3893,41.6139
336.187,177.348,85.0594,40.5045
336.896,177.437,87.5035,41.6684
336.921,176.763,89.6785,42.704
336.297,177.308,89.6785,42.704
340.281,178.185,84.1109,40.0528
342.782,178.255,84.1109,40.0528
340.09,176.009,93.8921,44.7105
341.996,176.116,93.8921,44.7105
341.019,175.032,99.4746,47.3688
328.846,168.519,127.885,60.8978
330.432,168.485,127.972,60.939
331.659,168.198,129.39,61.6144
332.927,166.999,129.39,61.6144
335.328,167.361,127.15,60.5477
336.967,167.131,127.543,60.7348
339.136,167.517,124.843,59.4493
347.954,171.158,108.365,51.6026
Tracking failure detected
Tracking failure detected
Tracking failure detected
Tracking failure detected
Tracking failure detected
Tracking failure detected
Tracking failure detected
Tracking failure detected
Tracking failure detected
Tracking failure detected
Tracking failure detected
Tracking failure detected
Tracking failure detected
Tracking failure detected
Tracking failure detected
Tracking failure detected
Tracking failure detected
Tracking failure detected
Tracking failure detected
Tracking failure detected
Tracking failure detected
Tracking failure detected
Tracking failure detected
Tracking failure detected
Tracking failure detected
Tracking failure detected
Tracking failure detected
Tracking failure detected
Tracking failure detected
Tracking failure detected
Tracking failure detected
Tracking failure detected
Tracking failure detected
Tracking failure detected
Tracking failure detected
Tracking failure detected
Tracking failure detected
Tracking failure detected
Tracking failure detected
Tracking failure detected
Tracking failure detected
Tracking failure detected
Tracking failure detected
Tracking failure detected
Tracking failure detected
Tracking failure detected
Tracking failure detected
Tracking failure detected
Tracking failure detected
Tracking failure detected
Tracking failure detected
288,160,42,20
287.096,159.562,42.2381,20.1134
286.526,159.437,42.2504,20.1192
286.013,159.316,41.8542,19.9306
285.66,158.773,41.473,19.7491
285.586,158.851,41.0288,19.5375
285.052,158.744,41.0602,19.5525
284.888,158.565,40.8609,19.4576
284.786,158.458,40.8631,19.4586
284.302,158.219,40.9117,19.4818
283.784,158.198,41.1846,19.6117
283.376,157.86,41.5108,19.767
282.912,157.552,41.4487,19.7375
282.885,157.03,41.1767,19.608
283.149,156.846,40.7756,19.4169
282.572,155.988,41.1928,19.6156
282.137,155.497,41.5995,19.8093
281.627,154.906,41.6333,19.8254
281.51,154.771,42.0069,20.0033
281.471,154.79,42.0708,20.0337
281.876,154.922,41.562,19.7914
282.336,154.849,41.6581,19.8372
282.65,154.897,41.5297,19.7761
282.99,154.888,41.9114,19.9578
283.258,154.877,41.8963,19.9506
283.861,154.979,41.799,19.9043
284.156,155.01,41.6486,19.8327
284.227,155.372,41.5123,19.7677
284.541,155.437,41.5005,19.7621
285.31,155.497,40.9834,19.5159
285.094,155.565,41.6011,19.8101
285.152,155.554,41.5798,19.7999
285.596,155.621,41.1436,19.5922
285.828,155.455,40.8863,19.4697
286.255,155.324,40.825,19.4405
286.42,154.939,41.3422,19.6868
286.408,154.671,42.0935,20.0445
286.784,154.525,41.7621,19.8867
287.112,154.129,42.104,20.0495
287.509,153.618,42.0969,20.0461
287.894,153.376,42.3856,20.1836
288.228,152.808,42.6802,20.3239
289.058,152.74,42.0255,20.0121
289.843,152.465,41.5811,19.8005
290.149,151.417,42.0607,20.0289
290.952,150.318,42.3182,20.1515
291.04,148.896,43.3327,20.6346
291.486,148.002,43.4631,20.6967
292.105,146.59,43.5894,20.7569
292.696,145.839,43.9981,20.9515
293.194,144.754,44.2026,21.0489
293.855,144.195,44.4477,21.1656
294.707,143.327,44.8855,21.374
295.762,142.801,44.7857,21.3265
296.489,142.346,44.8591,21.3615
297.222,142.07,44.9699,21.4142
297.81,141.815,44.5336,21.2065
298.115,141.634,44.8422,21.3534
298.697,141.725,44.5484,21.2135
299.137,141.769,44.4255,21.155
299.697,141.811,44.263,21.0776
300.333,141.76,44.2629,21.0776
301.264,141.711,44.3883,21.1373
301.979,141.734,44.2835,21.0874
302.426,141.741,44.2286,21.0612
302.432,141.596,44.3814,21.134
302.687,141.423,44.41,21.1476
303.092,140.999,44.0381,20.9705
303.29,140.281,44.752,21.3105
304.454,140.186,44.6325,21.2536
305.373,140.068,44.8768,21.3699
306.289,140.099,44.9052,21.3834
307.598,140.043,44.5986,21.2374
308.456,139.757,45.1954,21.5216
309.832,139.867,44.8942,21.3782
311.183,139.914,44.792,21.3295
312.75,140.033,44.4767,21.1794
313.536,140.075,44.9329,21.3966
314.506,140.207,44.685,21.2785
315.618,140.266,43.9522,20.9296
315.434,140.1,44.3352,21.112
315.379,139.785,45.7292,21.7758
316.507,139.642,45.0561,21.4553
317.079,139.516,45.7541,21.7877
317.729,139.511,45.91,21.8619
319.162,139.449,44.7748,21.3213
319.999,139.447,45.0075,21.4321
320.656,138.972,44.9826,21.4203
321.814,139.11,44.2466,21.0698
323.153,139.004,43.761,20.8386
323.79,138.335,45.3136,21.5779
325.18,138.314,45.5792,21.7044
327.192,138.415,44.9329,21.3966
328.903,138.476,44.7392,21.3044
330.594,138.933,44.0707,20.986
332.453,139.053,43.8067,20.8603
334.396,139.158,43.2218,20.5818
336.353,139.312,42.6625,20.3155
337.78,139.256,42.6862,20.3268
340.334,139.489,39.7082,18.9087
340.98,138.875,41.2771,19.6558
343.728,139.001,40.0505,19.0717
345.964,138.686,39.5649,18.8404
346.244,137.25,44.1005,21.0002
Tracking failure detected
Tracking failure detected
Tracking failure detected
Tracking failure detected
Tracking failure detected
Tracking failure detected
Tracking failure detected
Tracking failure detected
Tracking failure detected
Tracking failure detected
Tracking failure detected
Tracking failure detected
Tracking failure detected
Tracking failure detected
Tracking failure detected
Tracking failure detected
Tracking failure detected
Tracking failure detected
Tracking failure detected
Tracking failure detected
Tracking failure detected
Tracking failure detected
Tracking failure detected
Tracking failure detected
Tracking failure detected
Tracking failure detected
Tracking failure detected
Tracking failure detected
236,116,42,20
236.828,115.78,42.5892,20.2806
238.144,115.497,43.2735,20.6064
238.738,115.332,44.0935,20.9969
239.622,115.173,44.372,21.1295
240.353,115.066,44.7627,21.3156
241.216,114.913,45.1945,21.5212
241.653,114.757,45.8541,21.8353
242.514,114.581,45.7806,21.8003
240,114,42,20
240.385,113.618,42.6443,20.3068
241.006,113.575,42.0802,20.0382
241.352,113.624,41.83,19.9191
241.595,113.56,42.1757,20.0837
242.714,113.676,41.8133,19.9111
243.87,113.599,42.1049,20.05
245.407,113.589,42.18,20.0857
246.576,113.499,43.0396,20.495
247.433,113.351,44.6413,21.2578
236,116,42,20
236,114,42,20
237.113,114.008,42.2945,20.1402
237.92,114.185,42.2187,20.1041
238.499,113.992,42.8191,20.3901
239.255,113.919,43.0977,20.5227
240.394,114.078,42.4632,20.2206
232,116,42,20
230.984,116.213,44.7094,21.2902
230.562,117.499,46.5021,22.1439
232,126,42,20
233.183,127.686,41.952,19.9772
228,126,42,20
229.089,126.537,41.7935,19.9017
232,122,42,20
224,128,42,20
216,128,42,20
216,128,42,20
216,128,42,20
216,128,42,20
216,128,42,20
228,124,42,20
224,128,42,20
220,128,42,20
224,128,42,20
228,126,42,20
224,128,42,20
228,126,42,20
216,128,42,20
216.995,126.675,43.5419,20.7342
228,122,42,20
228,122,42,20
232,126,42,20
232,126,42,20
224,124,42,20
224,124,42,20
224,126,42,20
224,126,42,20
224,126,42,20
224,126,42,20
224,126,42,20
224,124,42,20
224,122,42,20
224,122,42,20
224,122,42,20
216,122,42,20
224,118,42,20
224,124,42,20
224,120,42,20
216,118,42,20
216.707,117.712,43.2858,20.6123
216,120,42,20
224,120,42,20
228,118,42,20
220,120,42,20
224,120,42,20
220,118,42,20
216,122,42,20
224,122,42,20
220,118,42,20
228,120,42,20
228,120,42,20
224,120,42,20
228,120,42,20
216,118,42,20
220,118,42,20
220,118,42,20
220,118,42,20
216,120,42,20
224,122,42,20
216,122,42,20
220,124,42,20
220,124,42,20
220,122,42,20
220,124,42,20
224,126,42,20
224,126,42,20
216,126,42,20
216,124,42,20
216,128,42,20
216,128,42,20
216,128,42,20
216,128,42,20
216,128,42,20
216,128,42,20
216,128,42,20
216,126,42,20
216,128,42,20
216,128,42,20
216,128,42,20
220,128,42,20
212,130,42,20
216,130,42,20
216,130,42,20
216,126,42,20
216,128,42,20
224,128,42,20
224,128,42,20
212,128,42,20
216,126,42,20
224,126,42,20
224,126,42,20
224,126,42,20
220,124,42,20
220,124,42,20
228,118,42,20
216,117.6,50.4,24
216,122.4,50.4,24
228,122,42,20
288,242,42,20
216,126,42,20
220,130,42,20
216,128,42,20
224,130,42,20
220.8,124.8,50.4,24
236,122,42,20
228,130,42,20
224,128,42,20
224,128,42,20
228,128,42,20
230.4,127.2,50.4,24
232,130,42,20
232,130,42,20
232,130,42,20
235.2,129.6,50.4,24
244,134,42,20
225.6,132,50.4,24
244,134,42,20
225.6,129.6,50.4,24
230.4,129.6,50.4,24
230.4,129.6,50.4,24
230.4,129.6,50.4,24
220.8,129.6,50.4,24
235.2,129.6,50.4,24
220.8,127.2,50.4,24
220.8,127.2,50.4,24
228,134,42,20
230.4,122.4,50.4,24
236,128,42,20
236,128,42,20
240,132,42,20
240,132,42,20
244,130,42,20
225.6,127.2,50.4,24
235.2,127.2,50.4,24
225.6,132,50.4,24
225.6,129.6,50.4,24
235.2,129.6,50.4,24
235.2,132,50.4,24
225.6,134.4,50.4,24
240,136.8,50.4,24
225.6,136.8,50.4,24
230.4,136.8,50.4,24
230.4,136.8,50.4,24
224.64,135.36,60.48,28.8
224.64,135.36,60.48,28.8
230.4,135.36,60.48,28.8
224.64,138.24,60.48,28.8
230.4,135.36,60.48,28.8
230.4,139.2,50.4,24
236,142,42,20
235.2,139.2,50.4,24
230.4,138.24,60.48,28.8
235.2,136.8,50.4,24
235.2,136.8,50.4,24
235.2,134.4,50.4,24
225.6,136.8,50.4,24
225.6,136.8,50.4,24
225.6,139.2,50.4,24
230.4,134.4,50.4,24
230.4,132.48,60.48,28.8
244,136,42,20
230.4,132,50.4,24
218.88,129.6,60.48,28.8
235.2,132,50.4,24
225.6,132,50.4,24
218.88,129.6,60.48,28.8
218.88,132.48,60.48,28.8
248,128,42,20
240,128,42,20
244.8,124.8,50.4,24
244.8,124.8,50.4,24
244.8,124.8,50.4,24
244.8,134.4,50.4,24
241.92,129.6,60.48,28.8
230.4,134.4,50.4,24
236.16,135.36,60.48,28.8
236.16,135.36,60.48,28.8
230.4,132.48,60.48,28.8
236.16,132.48,60.48,28.8
236.16,132.48,60.48,28.8
230.4,132.48,60.48,28.8
247.68,129.6,60.48,28.8
247.68,129.6,60.48,28.8
241.92,129.6,60.48,28.8
241.92,129.6,60.48,28.8
241.92,129.6,60.48,28.8
241.92,129.6,60.48,28.8
241.92,126.72,60.48,28.8
230.4,129.6,60.48,28.8
236.16,129.6,60.48,28.8
241.92,129.6,60.48,28.8
249.6,132,50.4,24
241.92,126.72,60.48,28.8
253.44,123.84,60.48,28.8
241.92,120.96,72.576,34.56
264,130,42,20
256,132,42,20
260,128,42,20
253.44,123.84,60.48,28.8
264,128,42,20
259.2,120.96,60.48,28.8
253.44,126.72,60.48,28.8
259.2,120.96,60.48,28.8
264,124.8,50.4,24
259.2,120.96,60.48,28.8
262.656,110.592,72.576,34.56
248.832,114.048,72.576,34.56
248.832,117.504,72.576,34.56
255.744,117.504,72.576,34.56
248.832,117.504,72.576,34.56
264.96,120.96,60.48,28.8
241.92,117.504,72.576,34.56
241.92,117.504,72.576,34.56
244.8,120,50.4,24
241.92,117.504,72.576,34.56
248.832,117.504,72.576,34.56
248.832,120.96,72.576,34.56
268,126,42,20
241.92,124.416,72.576,34.56
241.92,120.96,72.576,34.56
259.2,123.84,60.48,28.8
253.44,126.72,60.48,28.8
253.44,123.84,60.48,28.8
259.2,123.84,60.48,28.8
262.656,120.96,72.576,34.56
259.2,120.96,60.48,28.8
241.92,117.504,72.576,34.56
255.744,117.504,72.576,34.56
248.832,117.504,72.576,34.56
248.832,117.504,72.576,34.56
248.832,120.96,72.576,34.56
241.92,120.96,72.576,34.56
259.2,123.84,60.48,28.8
259.2,123.84,60.48,28.8
248.832,117.504,72.576,34.56
248.832,120.96,72.576,34.56
248.832,120.96,72.576,34.56
241.92,124.416,72.576,34.56
247.68,126.72,60.48,28.8
235.008,127.872,72.576,34.56
241.92,127.872,72.576,34.56
228.096,127.872,72.576,34.56
228.096,127.872,72.576,34.56
228.096,124.416,72.576,34.56
249.6,132,50.4,24
221.184,127.872,72.576,34.56
228.096,124.416,72.576,34.56
244.8,132,50.4,24
235.2,132,50.4,24
241.92,126.72,60.48,28.8
241.92,126.72,60.48,28.8
241.92,126.72,60.48,28.8
240,134,42,20
221.184,124.416,72.576,34.56
235.2,132,50.4,24
214.272,127.872,72.576,34.56
224.64,126.72,60.48,28.8
230.4,129.6,60.48,28.8
213.12,129.6,60.48,28.8
207.36,131.328,72.576,34.56
218.88,132.48,60.48,28.8
207.36,135.36,60.48,28.8
207.36,131.328,72.576,34.56
224.64,129.6,60.48,28.8
207.36,135.36,60.48,28.8
207.36,124.416,72.576,34.56
207.36,120.96,72.576,34.56
207.36,117.504,72.576,34.56
200.448,114.048,72.576,34.56
207.36,109.44,60.48,28.8
207.36,103.68,72.576,34.56
200.448,103.68,72.576,34.56
200.448,96.768,72.576,34.56
201.6,103.68,60.48,28.8
200.448,93.312,72.576,34.56
200,100,42,20
207.36,95.04,60.48,28.8
207.36,93.312,72.576,34.56
206.4,98.4,50.4,24
218.88,97.92,60.48,28.8
213.12,100.8,60.48,28.8
230.4,108,50.4,24
218.88,106.56,60.48,28.8
235.2,110.4,50.4,24
240,112.8,50.4,24
225.6,112.8,50.4,24
224.64,109.44,60.48,28.8
224.64,106.56,60.48,28.8
224,106,42,20
224.64,100.8,60.48,28.8
225.6,100.8,50.4,24
225.6,98.4,50.4,24
224.64,95.04,60.48,28.8
230.4,95.04,60.48,28.8
230.4,95.04,60.48,28.8
236.16,92.16,60.48,28.8
249.6,96,50.4,24
244.8,100.8,50.4,24
230.4,100.8,60.48,28.8
230.4,105.6,50.4,24
230.4,103.68,60.48,28.8
224.64,106.56,60.48,28.8
224.64,109.44,60.48,28.8
218.88,112.32,60.48,28.8
218.88,115.2,60.48,28.8
218.88,118.08,60.48,28.8
225.6,115.2,50.4,24
235.2,112.8,50.4,24
230.4,112.8,50.4,24
230.4,106.56,60.48,28.8
230.4,105.6,50.4,24
220.8,103.2,50.4,24
220.8,103.2,50.4,24
216,103.2,50.4,24
220,104,42,20
220,106,42,20
235.2,103.2,50.4,24
216,103.2,50.4,24
220.8,103.2,50.4,24
220.8,103.2,50.4,24
220.8,105.6,50.4,24
220.8,105.6,50.4,24
218.88,106.56,60.48,28.8
225.6,110.4,50.4,24
225.6,110.4,50.4,24
225.6,110.4,50.4,24
230.4,110.4,50.4,24
230.4,112.8,50.4,24
230.4,112.8,50.4,24
230.4,110.4,50.4,24
230.4,106.56,60.48,28.8
230.4,112.8,50.4,24
235.2,115.2,50.4,24
235.2,115.2,50.4,24
235.2,115.2,50.4,24
235.2,115.2,50.4,24
230.4,117.6,50.4,24
224,118,42,20
240,120,42,20
230.4,117.6,50.4,24
230.4,117.6,50.4,24
244,118,42,20
235.2,112.8,50.4,24
235.2,112.8,50.4,24
244,114,42,20
244.8,110.4,50.4,24
249.6,110.4,50.4,24
254.4,108,50.4,24
256,110,42,20
260,110,42,20
268,108,42,20
264,110,42,20
268,110,42,20
272,108,42,20
272,112,42,20
268,114,42,20
268,116,42,20
272,116,42,20
272,118,42,20
276,118,42,20
276,118,42,20
272,118,42,20
280,116,42,20
276,116,42,20
276,116,42,20
276,116,42,20
276,116,42,20
272,114,42,20
276,114,42,20
276,116,42,20
268,116,42,20
268,118,42,20
276,110,42,20
276,110,42,20
260,116,42,20
272,114,42,20
264,118,42,20
268,116,42,20
276,110,42,20
272,110,42,20
272,110,42,20
272,108,42,20
280,106,42,20
276,108,42,20
288,106,42,20
276,106,42,20
275.835,105.008,42.9154,20.4359
272,104,42,20
276,106,42,20
277.394,104.397,41.4914,19.7578
278.674,103.217,41.6843,19.8496
280,102,42,20
276,102,42,20
276.464,102.073,41.605,19.8119
276,102,42,20
280,102,42,20
283.039,100.102,41.4904,19.7573
288,98,42,20
284,98,42,20
284.36,97.7661,42.3264,20.1554
296,100,42,20
295.668,99.7066,41.1344,19.5878
288,100,42,20
287.482,99.5935,41.0444,19.545
287.464,98.6554,40.3967,19.2365
287.519,98.8032,39.5435,18.8302
286.584,99.2877,40.4856,19.2789
286.308,99.8193,39.6746,18.8927
285.875,99.5041,39.6374,18.8749
285.668,99.2407,39.0323,18.5868
285.683,98.7779,39.0076,18.575
286.088,98.6579,38.9526,18.5488
286.873,98.2769,38.6932,18.4253
288.515,98.2719,38.4087,18.2899
290.657,98.2147,38.532,18.3486
293.407,98.3352,38.2665,18.2222
296.284,98.3318,37.9995,18.095
299.369,98.3246,37.731,17.9671
302.757,98.3717,37.3402,17.781
305.577,98.0831,37.941,18.0672
307.626,97.983,38.4964,18.3316
309.859,97.3429,38.0477,18.1179
312.787,95.8023,37.1366,17.6841
315.296,93.8859,36.7798,17.5142
317.426,91.9258,36.5625,17.4107
319.655,90.2538,35.9464,17.1173
321.051,88.3959,36.0512,17.1672
322.904,87.3216,34.299,16.3328
325.067,86.7364,32.8389,15.6376
325.183,86.8537,32.8971,15.6653
325.563,87.0112,32.2139,15.3399
325.622,86.9396,32.4092,15.433
325.74,86.7299,32.7283,15.5849
326.141,86.428,32.8567,15.646
327.018,86.4853,32.1524,15.3107
327.936,86.6593,31.4187,14.9613
329.349,86.3615,30.8779,14.7038
330.835,86.3858,30.4076,14.4798
331.589,86.4652,30.9726,14.7488
332.588,87.1533,28.9334,13.7778
331.876,87.3536,28.515,13.5786
330.398,87.5228,27.7551,13.2167
327.428,87.4226,28.3658,13.5075
324.388,87.549,28.2174,13.4369
321.916,87.5428,27.6555,13.1693
318.985,87.5079,27.8291,13.2519
317.337,87.5698,27.2302,12.9667
317.345,88.1588,25.2801,12.0381
316.672,89.284,24.5723,11.7011
315.301,90.6683,24.8631,11.8396
315.71,90.7886,24.6223,11.7249
317.042,91.0828,23.8066,11.3365
317.672,91.8884,23.5146,11.1974
318.683,93.1025,24.2642,11.5544
317.455,92.2085,27.0706,12.8908
315.724,93.473,30.0613,14.3149
316.409,94.7293,29.4678,14.0323
317.077,96.2926,29.0843,13.8497
317.673,98.2492,28.3267,13.4889
314.32,98.7606,33.0818,15.7532
314.924,99.9378,31.9377,15.2084
314.261,100.083,32.1623,15.3154
314.302,100.188,31.8934,15.1873
314.754,100.082,31.4494,14.9759
314.45,99.2027,32.842,15.639
314.767,98.2662,32.2144,15.3402
314.381,97.3077,32.3702,15.4144
313.931,96.2018,31.8326,15.1584
313.73,94.5814,31.4441,14.9734
313.951,92.8175,31.031,14.7767
313.247,91.2871,30.5527,14.5489
312.747,89.8111,30.239,14.3995
313.558,88.8973,27.6947,13.188
313.234,86.9146,27.9378,13.3037
313.096,85.1564,27.5922,13.1392
313.145,83.1041,27.9151,13.2929
313.874,81.7606,27.7213,13.2006
314.139,80.8451,27.1909,12.9481
314.313,79.6819,26.39,12.5667
314.53,79.043,25.9772,12.3701
314.597,78.18,25.0202,11.9144
314.418,77.8554,25.2128,12.0061
314.259,77.7215,25.3483,12.0706
314.346,77.7933,25.0559,11.9314
314.475,77.8201,24.9161,11.8648
314.056,77.779,25.3574,12.075
313.47,77.6908,25.1511,11.9767
313.364,77.4562,23.5724,11.2249
312.408,77.3082,23.3072,11.0987
311.942,77.1433,23.3833,11.1349
311.796,77.2205,22.8673,10.8892
