506.52,224.78,86.96,35.44
515.44,236.01,86.79,34.87
515.78,234.42,88.95,45.11
516.12,232.83,91.11,55.36
518.42,241.83,90.69,48.43
520.71,250.82,90.28,41.51
523.01,259.82,89.86,34.58
525.26,262.75,89.37,33.78
527.51,265.68,88.88,32.99
529.76,268.61,88.4,32.19
537.15,274.92,79.03,24.1
535.17,272.41,82.72,33.64
535.05,267.85,78.7,38.12
528.87,264.33,96.26,60.17
532.63,275,93.81,53.14
536.39,285.67,91.36,46.1
540.15,296.33,88.9,39.07
540.57,298.67,86.46,32.03
541,301,84,25
534.86,304.56,85.93,19.09
535,301,85,35
522.46,321.26,111.08,29.48
528.92,321.11,101.82,32.11
535.39,320.96,92.55,34.74
541.86,320.82,83.28,37.36
539,322,74,40
529,346,101,22
537.2,353.8,95.2,23.2
535.84,347.82,89.4,24.4
543.76,332.8,70.48,53.4
546.99,336.65,53.64,38.65
532,362,114,23
538.13,351.69,96.24,47.62
544.26,341.39,78.48,72.22
546.84,338.59,66.65,59.49
527.33,355.71,102.34,37.58
561.23,355.89,43.93,32.97
550.25,346.04,63.02,42.28
544.39,333.14,71.22,60.72
531.58,337.94,97.84,55.12
539.54,341.52,81.67,52.54
554.72,329.95,50.53,53.3
555.18,335.17,33.81,44.74
546.84,325.28,56.8199,53.94
531.84,311.82,69.0699,62.61
530.16,312.04,70.6801,55.92
542.1,301.33,62.8,51.8
538.16,287.3,71.4301,60.05
537.5,286.52,65.5,53.81
531.31,296.91,74.13,36.1
515.22,295.65,94.5601,45.7
520.26,313.09,65.48,31.57
524.17,304.69,60.66,33.12
529.63,298.81,60.74,35.63
527.12,290.17,60.76,43.66
525.09,287.59,62.18,44.61
506.92,310.15,97.16,33.7
518.12,321.45,77.76,36.1
525.37,316.21,61.93,35.14
520.97,316,72.0601,21.84
523.85,303.84,51.33,36.21
508.53,312.01,87.95,42.98
518.76,323.59,88.48,44.62
527.59,333.91,69.3199,40.78
532.62,325.84,58,44.12
532.82,317.06,56.36,50.88
523.41,335.69,83.1801,39.62
519.76,351.86,86.31,38.2
538,357,48,30
535.13,337.2,61.74,57.6
535,341,48,47
518,364.69,98,31.62
528,364,68,25
529,349,61,41
541,348,39,40
535,349,55,34
520.45,350.21,93.1,29.58
527.52,350.72,73.96,23.56
537,350,68,22
535.3,339.15,57.9,28.7
532.27,330.11,56.46,37.78
537,320.09,69.36,50.82
529.6,341.26,97.8,25.48
540,349,75,25
550,345,66,32
547,344,73,26
559,319,53,46
551.01,320.22,65.84,53.64
541.93,331.38,92.14,48.24
546.1,343.55,91.44,48.4
554.55,345.78,73.72,45.19
563,348,56,42
561.42,342.14,70.79,55.54
559.85,336.28,85.58,69.08
559.09,354.52,90.8199,50.96
559.14,362.27,102.72,50.46
567.19,361.26,85.62,64.48
569.83,342.49,89.34,92.02
572.38,376.74,100.24,55.52
572.85,380.5,95.8,54.25
589.6,378.09,76.8,53.82
577.37,363.64,84.26,66.72
586.27,375.77,82.46,50.46
585.83,379.86,85.34,47.12
592.83,374.6,83.34,52.8
590,372,70,46
585.45,351.65,73.1,61.7
587.55,360.97,86.4,46.06
589.65,370.3,99.7,30.4
610,371,68,28
610,357,56,35
589,328.21,68,61.58
587,335,89,44
588,344,89,33
597.08,339.03,87.69,35.33
611,319,53,49
591.34,304.97,66.05,60.43
578,307,80,54
589.23,307.65,87.57,41.75
590.25,300.54,94.75,45.54
592.12,282.77,73.38,53.77
594,265,52,62
590.67,270,67,53.67
587.33,275,82,45.33
584,280,97,37
603,281,69,32
594.44,259.92,60.17,53.59
578.34,240.17,67.3199,68.66
591.83,249.73,49.05,60.3
598.57,236.59,50.86,66.83
597.33,245.94,73.34,58.12
590.21,238.68,74.83,60.64
587.15,247.27,48.3199,48.59
582.53,228.71,50.6,62.21
590.23,235.87,43.24,54.86
573.53,220.86,66.5699,71.67
587.69,261.72,67.82,26.12
578.84,258.54,72.83,22.72
581.57,248.94,72.16,28.39
592.95,233.67,39.85,45.18
571.9,235.99,66.55,42.03
570,253,101,32
584.34,256.93,62.5099,38.26
573,260,90,35
580.41,258.76,71.27,19.63
571.62,246.98,88.92,34.38
581.99,256.48,63.38,22.8
569.62,249.22,95.99,47.85
571.11,255.08,94.54,45.98
571.59,260.7,93.1,44.1
572.08,266.31,91.66,42.24
574.4,271.76,90.21,40.36
576.72,277.21,88.77,38.49
569.42,273.96,99.06,50.51
569.42,278.49,92.77,55.64
577.21,290.24,87.88,43.32
584.91,315.6,79.48,36.41
580.98,320.31,87.54,39.21
578.96,320.62,92.08,47.43
576.93,320.93,96.64,55.64
580.63,333.49,96.18,56.24
584.33,346.05,95.73,56.85
591.74,348.32,95.28,57.46
595.82,349.59,94.83,58.06
599.9,350.86,94.37,58.67
616.36,368.43,69.65,29.32
616.07,357.99,53.33,46.59
626.88,360.21,40.96,42.94
601.22,361.95,92.5601,61.1
601.95,368.13,90.93,59.49
621.01,369.91,63.44,48.14
626,360,54,66
622.95,365.03,61.1,62.94
606,378,93,50
617.48,396.16,76.04,30.68
621.56,370.38,57.01,55.27
612.77,375.67,51.46,44.66
604.47,376.57,80.0601,48.86
609,394,78,22
605.55,384.1,68.4,35.8
598,364,73,42
605,364,59,41
594,364,80,36
597,368,76,29
599,366,75,28
594,344,67,39
598,336,50,42
590,332,65,46
577.27,340.61,79.2,29.84
583,337,92,27
603.68,324.19,53.75,27.29
587.8,314.12,58.84,32.14
594.19,299.98,38.42,45.52
583,301,57,42
583.16,300.52,73.17,42.28
596,313,65,25
597,307,61,23
590.01,298.93,64.24,24.99
579.41,290.97,70.52,31.29
585,288.13,47.5,31.35
576,290,73,32
578,301,83,21
587,298,71,27
593,300,69,26
592,298,67,24
577.66,282.99,67.95,49.67
579.33,289.36,72.34,47.78
580.05,303.58,76.9,35.84
585,312,54,25
588,313.63,69,33.74
579.05,315.69,58.07,17.78
582,313,47,27
587,316,49,27
567.26,316.55,85.48,41.9
582.3,323.32,83.4,39.36
587.54,322.11,67.92,46.28
590.61,318.45,38.16,41.99
587.57,320.19,60.84,47.37
573.02,325.9,96.96,59.2
586.16,333.5,79.17,64.34
591.11,339.8,70.18,59.25
591.48,338.62,59.04,52.76
590.37,347.8,64.26,40.4
590.19,353.44,86.62,53.12
593.79,366.31,83.42,42.18
605.68,369.26,74.56,38.78
615.34,366.5,66.61,43.29
597.16,375.32,85.6801,41.36
590.32,388.64,98.36,36.72
596.25,385.89,78.5,51.22
612.01,372.39,49.38,49.09
609.32,381.32,77.36,53.36
607.46,395.3,79.08,37.4
601.74,388.43,93.65,43.64
611.65,382.82,69.18,38.14
610.12,380.63,67.48,38.15
603.69,376.02,92.62,50.96
618.74,381.54,59.86,39.13
620.14,369.74,64.94,48.66
618.08,369.47,56.88,37.62
610.11,360.3,58.98,47.41
611.98,362.13,64.42,45.37
615.57,369.64,68.72,31.82
620.83,366.59,64.2,36.81
614.29,347.37,61.01,41.9
613.39,346.35,36.87,36.47
606.55,349.28,48.71,33.58
601,345,74,29
613.37,344.06,52.87,23.72
617.91,342.26,52.44,19.62
602,315,50,40
608.4,303.65,47.31,49.48
608.56,302.15,60.79,47.7
604.11,302.25,70.25,46.98
596.07,301.42,73.74,52.23
615.24,286.78,52.09,43.7
607.28,282.93,48.92,52.28
617.01,271.58,35.3,51.04
607.13,266.36,59.74,63.78
595.01,275.4,82.98,53.2
618,294,57,27
611.94,276.2,59.82,45.1
601.64,271.53,66.52,46.94
608.66,265.87,44.31,46.06
602.31,267.29,46.38,41.51
581.68,269.19,93.64,54.62
590.98,272.29,83.23,54.78
605,285,45,34
603.94,283.45,61.01,30.66
593,286,65,25
598.93,272.88,67.14,49.24
578.7,287.45,104.6,48.1
594.02,299.84,64.52,43.76
607.89,310.99,45.89,34.58
599,316,57,24
591.68,307.68,63.56,35.5
579.75,318.41,87.5,39.18
584.16,327.97,87.34,38.65
593.95,336.82,75.1,43.36
602.72,350.06,59.88,26.09
604.63,358.87,40.74,25.05
588.94,355.46,67.17,35.58
589.36,363.15,71.18,37.7
587,384,68,20
604,379,49,30
603,373,47,38
592,388,76,29
603,401,67,19
610.08,396.61,58.84,33.78
607,392,49,40
595,402,92,23
618,408,57,27
616,402,57,27
624.77,379.94,38.57,46.67
617,382,59,45
614,414,91,26
637.03,416.36,47.64,27.27
634.23,391.83,56.92,52.19
642.79,388.44,41.07,51.21
642,391,63,39
630.28,406.33,95.4399,47.34
656.88,411.86,51.24,43.28
648.47,400.9,63.09,32.18
652,392,48,37
638.38,381.21,76.24,54.58
631.06,393.5,107.88,67
656.1,407.46,69.8,40.08
646.88,399.52,70.32,41.46
635.68,383.25,76.78,49.88
636.78,378.37,68.4399,56.26
619.65,376.11,102.7,74.78
622.06,385.72,94.01,73.31
628.22,392.82,62.59,51.1
605.61,388.76,80.58,39.84
615.21,366.13,65.91,62.82
575.08,373.16,95.84,69.68
556.36,382.79,109.28,69.42
564.1,391.77,76.52,55.32
551.35,381.43,67.04,53.31
543.77,374.21,65.44,42.35
505.88,353.9,90.01,82.04
480.23,352.1,111.54,86.8
470.77,381.71,84.26,52.98
450.74,377.78,81.14,59.34
443.1,367.38,66.4,51.09
416.42,337.97,56.06,74.07
397.58,336.53,75.44,76.2
361,367,78,33
345,379,66,29
314.82,358.12,76.6,60.28
284.13,311.81,67.74,77.38
258.45,310.03,71.1,74.94
240.47,323.26,53.54,58.49
210.29,340.82,61.42,44.36
186.19,353.72,55.99,24.14
126.69,332.12,75.62,44.76
109.28,327.25,63.96,36.79
83.808,307.28,59.792,51.45
57.032,278.79,63.478,80.19
