130,132,31,115
135.36,141.12,28.8,106.56
135.36,131.04,28.8,106.56
132.48,131.04,28.8,106.56
132.374,130.28,28.7472,106.365
134.4,134.4,24,88.8
132,147,20,74
131.328,133.056,34.56,127.872
128.563,116.122,41.472,153.446
128.395,115.869,41.3941,153.158
128.004,115.844,41.4312,153.296
139.2,134.4,24,88.8
138.615,134.344,24.1195,89.242
130,133,20,74
124.416,116.122,41.472,153.446
129.6,134.4,24,88.8
128,126,20,74
128,126,20,74
129.6,134.4,24,88.8
129.523,133.571,23.9889,88.7589
129.66,133.718,23.6694,87.5767
129.545,134.076,23.5063,86.9733
129.56,134.563,23.2813,86.1409
129.562,134.933,23.1851,85.7848
129.6,126,24,88.8
129.6,134.4,24,88.8
129.436,133.423,24.1498,89.3542
129.347,132.382,24.232,89.6584
129.6,126,24,88.8
129.751,125.274,23.8691,88.3158
129.787,124.561,23.7686,87.9438
129.679,124.498,23.7405,87.8398
130,119,20,74
136,126,20,74
138,126,20,74
127.872,108.864,34.56,127.872
128,126,20,74
127.74,124.98,19.9928,73.9732
127.433,123.478,20.262,74.9695
127.302,122.233,20.4189,75.5498
127.365,121.695,20.3034,75.1226
127.2,117.6,24,88.8
127.242,117.98,23.7278,87.7929
126,119,20,74
126.031,119.292,19.9408,73.7809
126.143,120.024,19.6993,72.8874
126.118,119.603,19.9563,73.8384
125.978,118.865,20.0623,74.2304
126,119,20,74
126.045,118.042,19.8965,73.6172
126.273,117.546,19.5906,72.4851
126.376,116.664,19.5168,72.212
126.438,116.5,19.2506,71.2273
126.414,116.506,19.1131,70.7183
126.246,116.713,19.2516,71.2309
125.811,116.631,19.3791,71.7028
125.651,116.526,19.3194,71.4816
125.177,116.445,19.1653,70.9115
124.878,116.274,19.085,70.6143
124.363,115.332,19.2445,71.2045
124.192,114.442,19.1487,70.8503
124.265,113.384,19.0909,70.6365
124,112,20,74
124,112,20,74
124.104,112.088,19.9215,73.7096
124.145,112.503,19.7987,73.2551
124.024,112.736,19.7817,73.1924
124,112,20,74
126,112,20,74
126,112,20,74
125.911,111.148,20.0734,74.2715
125.936,110.135,20.0186,74.0687
125.938,109.135,19.9702,73.8897
124,105,20,74
124,105,20,74
124,105,20,74
124.041,105.697,19.7628,73.1222
123.947,105.985,19.6642,72.7574
123.717,106.288,19.5643,72.3878
123.592,106.387,19.4229,71.8648
123.25,106.505,19.1858,70.9875
122,105,20,74
122,105,20,74
122.057,104.513,19.9701,73.8892
122.091,104.136,19.876,73.5411
122.113,104.345,19.7223,72.9726
122.192,104.607,19.5925,72.4924
122.275,104.87,19.4808,72.0791
122.217,104.925,19.6295,72.6291
126,112,20,74
125.765,111.93,20.0562,74.2078
125.939,111.617,19.9906,73.9654
125.963,110.934,20.0346,74.1279
126.076,110.093,20.0146,74.054
126.153,109.235,19.9913,73.9679
126.258,108.549,20.0001,74.0004
126.424,108.429,19.9192,73.7012
126.312,108.39,19.9925,73.9723
122,105,20,74
122.4,100.8,24,88.8
122,105,20,74
123.84,90.72,28.8,106.56
123.82,90.5817,28.6638,106.056
120,98,20,74
122,98,20,74
122,98,20,74
122,98,20,74
122.023,98.1076,19.9488,73.8107
120,100.8,24,88.8
120.074,101.172,23.8906,88.3952
122,98,20,74
120,100.8,24,88.8
124,105,20,74
123.989,104.686,19.8663,73.5051
124.001,104.12,19.7217,72.9703
124.056,103.227,19.7011,72.8941
124.039,102.461,19.7338,73.015
123.89,101.605,19.8948,73.6106
122,98,20,74
120,92.4,24,88.8
118.08,90.72,28.8,106.56
117.955,91.0239,28.6759,106.101
117.676,91.1489,28.605,105.838
117.263,90.3144,28.8641,106.797
122,91,20,74
124,98,20,74
120,98,20,74
119.686,97.1104,20.0872,74.3228
119.305,96.6863,20.2477,74.9165
119.136,96.6886,20.268,74.9916
118.956,96.9926,20.1722,74.6371
118.813,97.5546,20.0379,74.1401
118.763,97.7394,20.0308,74.1139
118.739,98.0981,19.9207,73.7065
118.791,97.7742,20.0078,74.029
118.692,97.1131,20.0703,74.26
118.521,96.1059,20.1104,74.4086
118.466,95.3617,20.0893,74.3305
115.2,84,24,88.8
115.057,83.7574,23.9839,88.7403
115.2,84,24,88.8
114.915,84.0641,24.0933,89.1451
114.571,84.5669,24.059,89.0182
114.216,85.1731,23.8415,88.2134
113.858,85.2221,23.7865,88.01
113.366,84.8696,23.8053,88.0797
112.961,84.1652,23.9227,88.514
114,91,20,74
114,91,20,74
114,91,20,74
113.652,90.4161,20.2239,74.8286
113.443,90.3793,20.292,75.0803
112,84,20,74
112,84,20,74
111.937,84.6122,19.7546,73.0919
111.944,84.7791,19.7349,73.0192
111.966,84.3882,19.8127,73.3071
112,91,20,74
112,91,20,74
112,91,20,74
111.848,90.151,20.2025,74.7493
111.451,89.6719,20.3767,75.3939
112,84,20,74
110.4,75.6,24,88.8
110.4,75.6,24,88.8
110.4,75.6,24,88.8
110.117,75.5219,23.9765,88.7132
109.804,75.4974,23.8376,88.199
109.654,75.3815,23.7319,87.8082
109.591,74.9511,23.5296,87.0597
109.628,74.5383,23.4928,86.9235
110,84,20,74
108,84,20,74
108,84,20,74
108.04,84.5568,19.7884,73.217
108.016,84.6593,19.8102,73.2977
108.064,85.1366,19.5486,72.3298
108,84,20,74
108,84,20,74
108.105,83.5626,20.0321,74.1189
108,84,20,74
108,77,20,74
107.963,76.6329,19.9144,73.6833
105.6,75.6,24,88.8
105.6,75.6,24,88.8
105.6,75.6,24,88.8
105.6,75.6,24,88.8
112,77,20,74
111.648,77.0057,19.9364,73.7649
108,67.2,24,88.8
108,67.2,24,88.8
107.981,67.3084,23.8732,88.3309
110,70,20,74
110,70,20,74
110,70,20,74
109.93,70.2089,19.9166,73.6913
109.854,70.4263,19.9192,73.7012
110,70,20,74
97.92,80.64,28.8,106.56
98.1585,81.0774,28.533,105.572
97.92,80.64,28.8,106.56
98,98,20,74
99.1557,98.3694,20.0669,74.2474
97.92,90.72,28.8,106.56
103.2,75.6,24,88.8
103.241,75.2288,24.2124,89.5859
103.131,75.0667,24.368,90.1615
104,84,20,74
104.033,83.7125,20.3082,75.1405
103.999,83.4793,20.5246,75.941
104,77,20,74
104,77,20,74
104.045,76.4677,20.1667,74.6168
104.004,76.1476,20.3787,75.4011
102,70,20,74
102,70,20,74
102,70,20,74
102,70,20,74
104,70,20,74
103.914,70.5353,20.0395,74.146
103.908,70.6352,20.1317,74.4872
102,70,20,74
102.087,69.8207,20.069,74.2554
102.091,69.1682,20.1719,74.6359
102.136,68.8138,20.1052,74.3894
104,70,20,74
103.846,69.5152,20.1077,74.3984
103.693,69.1286,20.2751,75.0178
103.688,69.236,20.31,75.1472
103.666,69.4773,20.3631,75.3435
103.666,69.4773,20.3631,75.3435
103.492,69.8218,20.442,75.6354
102,70,20,74
101.882,69.5349,20.1214,74.4492
104,63,20,74
104,63,20,74
104,63,20,74
103.972,62.7253,20.0232,74.0859
100,70,20,74
99.9736,70.1462,19.935,73.7594
104,63,20,74
100,70,20,74
100,70,20,74
100,70,20,74
100.002,69.7867,20.0169,74.0626
100.002,69.7867,20.0169,74.0626
102,63,20,74
102.116,62.1975,20.086,74.3182
102.2,61.9519,20.038,74.1406
102.237,61.775,19.9757,73.9101
102.237,61.775,19.9757,73.9101
102.215,61.9879,20.0047,74.0172
102.127,62.3379,19.9914,73.9682
102.008,62.3705,20.0296,74.1096
101.794,61.9772,20.2116,74.7829
102,63,20,74
101.895,62.3557,20.0168,74.0622
101.961,61.8768,20.0418,74.1548
102.021,61.3105,19.9299,73.7408
102.099,61.1,19.9303,73.7423
102.099,61.1,19.9303,73.7423
102.475,61.596,19.6576,72.733
102.492,61.8363,19.6156,72.5776
102.586,62.1631,19.5658,72.3933
102.68,62.0887,19.6246,72.611
102.843,62.2227,19.6015,72.5254
103.016,61.7931,19.6542,72.7206
103.242,61.1674,19.7557,73.0962
103.224,60.2318,19.885,73.5745
103.207,59.5638,19.9793,73.9235
103.207,59.5638,19.9793,73.9235
103.41,58.8782,19.9388,73.7735
104,56,20,74
104.037,56.0301,20.0464,74.1719
104.043,56.3561,19.9686,73.8838
104.043,56.3561,19.9686,73.8838
103.762,56.1984,20.1058,74.3916
103.65,56.0731,20.1066,74.3944
103.658,56.0178,20.0548,74.2029
102,56,20,74
102,56,20,74
101.971,55.3065,20.033,74.1219
102,56,20,74
104,56,20,74
104,56,20,74
104,56,20,74
104,56,20,74
104.106,56.0327,20.0105,74.0388
104.123,55.9068,20.0368,74.1361
104.202,55.7678,19.9333,73.7533
104.288,55.5074,19.7848,73.2037
100.8,50.4,24,88.8
100.774,49.6546,24.1622,89.4001
100.8,50.4,24,88.8
100.797,50.4857,23.9651,88.6711
102,56,20,74
101.956,56.0168,20.0325,74.1203
101.718,56.0785,20.0587,74.2172
101.525,56.1228,20.0101,74.0375
101.525,56.1228,20.0101,74.0375
102,56,20,74
102,56,20,74
102,56,20,74
102,56,20,74
102,56,20,74
102,56,20,74
101.973,56.109,19.9508,73.818
102.008,56.4522,19.8831,73.5676
102.04,56.6282,19.8549,73.4631
102,56,20,74
102,56,20,74
102,56,20,74
102,56,20,74
102.005,55.3779,20.0585,74.2164
101.984,55.0327,19.9853,73.9458
101.971,54.7711,20.0049,74.0182
101.971,54.7711,20.0049,74.0182
100,56,20,74
100,56,20,74
104,49,20,74
103.921,49.0624,19.9711,73.893
103.79,48.9946,19.8934,73.6056
103.756,48.993,19.8278,73.3629
100,49,20,74
98.4,42,24,88.8
98.4,42,24,88.8
98.4,42,24,88.8
98.2257,41.9228,24.0147,88.8544
98.2482,42.0524,24.0088,88.8326
149.76,100.8,28.8,106.56
154,112,20,74
154,112,20,74
149.76,100.8,28.8,106.56
149.523,99.8207,28.9671,107.178
149.417,98.9639,29.0688,107.555
151.2,109.2,24,88.8
152,112,20,74
153.6,109.2,24,88.8
153.6,109.2,24,88.8
153.459,109.254,24.0726,89.0685
153.424,109.526,23.9546,88.6319
153.466,110.016,23.8542,88.2605
153.448,110.779,23.5641,87.1871
151.2,109.2,24,88.8
151.141,109.024,24.07,89.0589
151.2,109.2,24,88.8
151.2,109.2,24,88.8
150.669,108.356,23.897,88.4189
150.176,107.25,23.99,88.7628
149.216,105.926,24.2384,89.6821
148.197,105.284,24.4097,90.3161
98,42,20,74
150,98,20,74
100,49,20,74
98,42,20,74
144,105,20,74
144,105,20,74
102,42,20,74
98,42,20,74
98.0225,41.7866,20.0379,74.1402
97.9928,41.7064,20.0239,74.0885
97.9928,41.7064,20.0239,74.0885
130,91,20,74
128,91,20,74
126,91,20,74
124.068,91.3912,19.8774,73.5462
124,105,20,74
122,105,20,74
118,105,20,74
115.033,105.007,20.1197,74.443
100,49,20,74
100,49,20,74
98,42,20,74
98.0084,42.0583,20.0516,74.1909
96,42,24,88.8
92.16,40.32,28.8,106.56
92.16,40.32,28.8,106.56
100,42,20,74
98,42,20,74
98,42,20,74
98.0835,41.5934,19.9791,73.9226
98.1555,41.3724,19.9485,73.8094
98.2132,41.4304,19.8706,73.5213
98.3052,41.438,19.8683,73.5126
98.1992,41.51,19.8733,73.5311
98.1646,41.8769,19.7619,73.1192
98.1646,41.8769,19.7619,73.1192
98.0222,42.3898,19.4842,72.0915
97.9985,42.3398,19.5015,72.1555
97.8665,41.7428,19.6314,72.636
97.9234,41.3972,19.688,72.8455
97.8245,40.8455,19.7668,73.1371
97.8108,40.6824,19.786,73.2081
97.7752,40.6814,19.788,73.2157
97.7277,40.6863,19.7823,73.1945
97.7859,41.0228,19.7,72.8902
97.7859,41.0228,19.7,72.8902
97.9226,41.1824,19.6798,72.8152
97.9696,41.0472,19.747,73.0639
98.0471,41.0544,19.6999,72.8898
98,42,20,74
98,42,20,74
98,42,20,74
97.981,41.8164,19.9905,73.965
96,35,20,74
95.9639,35.2016,19.9621,73.8599
95.9639,35.2016,19.9621,73.8599
95.7024,35.5594,19.8915,73.5987
95.7047,35.873,19.767,73.1377
96,42,20,74
96,42,20,74
96,35,20,74
96,42,20,74
96,42,20,74
96,42,20,74
95.9946,42.0671,19.9601,73.8525
95.8352,42.1159,19.9568,73.8401
94,42,20,74
94,42,20,74
94,42,20,74
94,42,20,74
94,42,20,74
94,42,20,74
93.8639,41.6575,20.1102,74.4076
94,42,20,74
92,35,20,74
92,35,20,74
91.7495,35.3645,19.923,73.7152
91.73,35.4849,19.934,73.7559
91.2,16.8,24,88.8
88.8,16.8,24,88.8
88.8,16.8,24,88.8
90,21,20,74
90,21,20,74
90.0151,21.1616,19.8954,73.6131
90,21,20,74
90,21,20,74
90,21,20,74
89.9685,20.8669,20.0847,74.3134
89.8962,20.7728,20.178,74.6588
89.8424,20.7717,20.1825,74.6752
89.8424,20.7717,20.1825,74.6752
89.845,20.6372,20.2742,75.0146
88,21,20,74
88.0276,21.1623,19.8624,73.4908
90,21,20,74
90,21,20,74
90.0703,21.3128,19.6967,72.8777
90.1722,21.4902,19.5735,72.4221
90.0451,21.4895,19.6093,72.5544
88,21,20,74
90,21,20,74
86.4,16.8,24,88.8
78,14,20,74
78,14,20,74
78,14,20,74
88,14,20,74
88,14,20,74
88.0329,14.1287,19.9247,73.7215
88,14,20,74
88.0233,14.3429,19.9,73.6298
87.9907,14.2902,19.9344,73.7574
90,21,20,74
89.9231,21.0343,20.0185,74.0684
90,21,20,74
90,21,20,74
90,21,20,74
90,14,20,74
90,14,20,74
90,14,20,74
72,7,20,74
74,0,20,74
90,14,20,74
89.9118,14.0326,20.0834,74.3087
89.8042,13.957,20.1481,74.548
89.8232,14.0556,20.091,74.3368
89.8642,14.3026,19.9639,73.8664
89.976,14.3601,19.8457,73.4291
88,14,20,74
86,21,20,74
86,21,20,74
86,21,20,74
85.9522,20.8842,20.0369,74.1365
86,21,20,74
86.0345,20.8912,20.0965,74.3569
84,21,20,74
84,21,20,74
88.8,8.4,24,88.8
88.8,8.4,24,88.8
90,14,20,74
88,21,20,74
88,21,20,74
88.0754,21.3223,19.8712,73.5235
92,14,20,74
92,14,20,74
92,21,20,74
92,21,20,74
92,14,20,74
92,14,20,74
92,14,20,74
