186,17,88,93
186,17,88,93
186,18,88,93
186,17,88,93
186,18,88,93
186,17,88,93
186,18,88,93
184,17,88,93
184,18,88,93
184,19,88,93
184,20,88,93
182,21,88,93
182,22,88,93
182,23,88,93
182,24,88,93
182,25,88,93
182,26,88,93
180,27,88,93
180,28,88,93
180,29,88,93
180,30,88,93
180,31,88,93
180,34,88,93
178,35,88,93
178,36,88,93
178,35,88,93
178,36,88,93
178,35,88,93
178,36,88,93
180,35,88,93
180,36,88,93
180,35,88,93
180,36,88,93
180,35,88,93
182,36,88,93
182,35,88,93
182,36,88,93
182,35,88,93
184,34,88,93
184,33,88,93
184,34,88,93
184,33,88,93
184,34,88,93
184,33,88,93
186,34,88,93
186,33,88,93
186,34,88,93
186,33,88,93
186,34,88,93
186,33,88,93
186,32,88,93
184,31,88,93
184,32,88,93
182,31,88,93
182,32,88,93
180,31,88,93
180,32,88,93
180,31,88,93
180,32,88,93
180,31,88,93
178,32,88,93
178,31,88,93
178,32,88,93
176,31,88,93
176,34,88,93
174,33,88,93
174,34,88,93
174,35,88,93
174,36,88,93
174,35,88,93
174,36,88,93
174,35,88,93
174,36,88,93
174,37,88,93
174,38,88,93
174,37,88,93
174,38,88,93
174,39,88,93
174,40,88,93
174,39,88,93
174,38,88,93
174,37,88,93
174,38,88,93
174,37,88,93
174,36,88,93
174,35,88,93
174,36,88,93
174,35,88,93
174,36,88,93
174,35,88,93
174,36,88,93
174,35,88,93
174,36,88,93
174,35,88,93
174,36,88,93
174,35,88,93
174,36,88,93
174,35,88,93
174,36,88,93
174,35,88,93
174,36,88,93
174,35,88,93
174,36,88,93
174,35,88,93
174,36,88,93
174,35,88,93
174,36,88,93
174,35,88,93
174,36,88,93
174,35,88,93
174,36,88,93
174,35,88,93
174,36,88,93
174,35,88,93
174,36,88,93
174,35,88,93
174,36,88,93
174,35,88,93
174,36,88,93
174,35,88,93
174,36,88,93
174,35,88,93
174,36,88,93
174,35,88,93
174,36,88,93
172,35,88,93
172,36,88,93
174,35,88,93
174,34,88,93
174,33,88,93
174,34,88,93
176,35,88,93
178,36,88,93
178,35,88,93
178,36,88,93
178,35,88,93
176,36,88,93
176,35,88,93
176,36,88,93
176,35,88,93
176,36,88,93
176,35,88,93
176,36,88,93
176,35,88,93
176,36,88,93
176,35,88,93
176,36,88,93
176,35,88,93
176,36,88,93
176,35,88,93
176,36,88,93
176,35,88,93
176,36,88,93
176,35,88,93
176,36,88,93
176,35,88,93
176,36,88,93
176,35,88,93
176,36,88,93
176,35,88,93
176,36,88,93
176,35,88,93
176,36,88,93
176,35,88,93
176,36,88,93
176,35,88,93
176,36,88,93
176,35,88,93
176,36,88,93
176,35,88,93
176,36,88,93
176,35,88,93
176,36,88,93
176,35,88,93
176,36,88,93
176,35,88,93
176,36,88,93
176,35,88,93
176,36,88,93
176,35,88,93
176,36,88,93
176,35,88,93
176,36,88,93
176,35,88,93
176,36,88,93
176,35,88,93
176,36,88,93
176,35,88,93
176,36,88,93
176,35,88,93
176,36,88,93
176,35,88,93
176,36,88,93
176,35,88,93
176,36,88,93
176,35,88,93
176,36,88,93
176,35,88,93
176,36,88,93
176,35,88,93
176,36,88,93
176,35,88,93
176,36,88,93
176,35,88,93
176,36,88,93
176,35,88,93
176,36,88,93
176,35,88,93
176,36,88,93
176,35,88,93
176,36,88,93
176,35,88,93
176,36,88,93
176,35,88,93
176,36,88,93
176,35,88,93
176,36,88,93
176,35,88,93
176,36,88,93
176,35,88,93
176,36,88,93
176,35,88,93
176,36,88,93
176,35,88,93
176,36,88,93
176,35,88,93
176,36,88,93
176,35,88,93
176,36,88,93
176,35,88,93
176,36,88,93
176,35,88,93
176,36,88,93
176,35,88,93
176,36,88,93
176,35,88,93
176,36,88,93
176,35,88,93
176,36,88,93
176,35,88,93
176,36,88,93
176,35,88,93
176,36,88,93
176,35,88,93
176,36,88,93
176,35,88,93
176,36,88,93
176,35,88,93
176,36,88,93
176,35,88,93
176,36,88,93
176,35,88,93
176,36,88,93
176,35,88,93
176,36,88,93
176,35,88,93
176,36,88,93
176,35,88,93
176,36,88,93
176,35,88,93
176,36,88,93
176,35,88,93
176,36,88,93
176,35,88,93
176,36,88,93
176,35,88,93
176,36,88,93
176,35,88,93
176,36,88,93
176,35,88,93
176,36,88,93
176,35,88,93
176,36,88,93
176,35,88,93
176,36,88,93
176,35,88,93
176,36,88,93
176,35,88,93
176,36,88,93
176,35,88,93
176,36,88,93
176,35,88,93
176,36,88,93
176,35,88,93
176,36,88,93
176,35,88,93
176,36,88,93
176,35,88,93
176,36,88,93
176,35,88,93
176,36,88,93
176,35,88,93
176,36,88,93
176,35,88,93
176,36,88,93
178,35,88,93
178,36,88,93
178,35,88,93
176,36,88,93
176,35,88,93
176,36,88,93
176,35,88,93
174,34,88,93
172,33,88,93
172,34,88,93
172,33,88,93
174,36,88,93
176,37,88,93
176,38,88,93
176,37,88,93
174,38,88,93
174,37,88,93
174,38,88,93
174,37,88,93
174,36,88,93
174,35,88,93
174,36,88,93
174,35,88,93
174,36,88,93
174,35,88,93
174,36,88,93
174,35,88,93
174,36,88,93
174,35,88,93
174,36,88,93
174,35,88,93
