186,16,88,93
186,16,88,93
186,16,88,93
186,16,88,93
186,17,88,93
185,17,88,93
185,17,88,93
184,17,88,93
184,17,88,93
183,18,88,93
183,19,88,93
182,20,88,93
182,21,88,93
181,22,88,93
181,23,88,93
181,24,88,93
181,25,88,93
180,26,88,93
180,27,88,93
180,28,88,93
179,30,88,93
179,31,88,93
179,32,88,93
179,32,88,93
179,33,88,93
179,33,88,93
179,33,88,93
179,33,88,93
180,33,88,93
180,33,88,93
181,33,88,93
181,33,88,93
181,33,88,93
182,33,88,93
182,32,88,93
183,32,88,93
183,32,88,93
183,32,88,93
183,32,88,93
183,32,88,93
182,32,88,93
183,32,88,93
183,32,88,93
183,32,88,93
183,32,88,93
183,32,88,93
183,32,88,93
183,32,88,93
183,32,88,93
183,32,88,93
182,31,88,93
182,31,88,93
182,31,88,93
183,31,88,93
183,31,88,93
182,31,88,93
181,31,88,93
181,31,88,93
180,32,88,93
180,32,88,93
179,32,88,93
179,32,88,93
179,32,88,93
179,32,88,93
178,33,88,93
175,33,88,93
183,33,88,93
180,31,88,93
181,32,88,93
181,33,88,93
182,33,88,93
182,33,88,93
182,33,88,93
183,32,88,93
182,32,88,93
182,32,88,93
182,33,88,93
182,33,88,93
182,33,88,93
182,32,88,93
182,32,88,93
182,32,88,93
182,32,88,93
182,32,88,93
182,32,88,93
182,32,88,93
182,32,88,93
182,32,88,93
182,32,88,93
182,32,88,93
182,32,88,93
182,32,88,93
182,32,88,93
182,32,88,93
182,32,88,93
182,32,88,93
182,32,88,93
182,32,88,93
182,32,88,93
182,32,88,93
182,32,88,93
182,32,88,93
182,32,88,93
182,32,88,93
182,32,88,93
182,32,88,93
182,32,88,93
182,32,88,93
182,32,88,93
182,32,88,93
182,32,88,93
182,32,88,93
182,32,88,93
182,32,88,93
182,32,88,93
182,32,88,93
182,32,88,93
182,32,88,93
182,32,88,93
182,32,88,93
182,32,88,93
182,32,88,93
182,32,88,93
182,33,88,93
182,33,88,93
182,32,88,93
181,32,88,93
181,32,88,93
181,32,88,93
180,33,88,93
180,33,88,93
181,33,88,93
182,32,88,93
182,32,88,93
182,32,88,93
182,32,88,93
182,32,88,93
182,32,88,93
182,32,88,93
181,32,88,93
181,32,88,93
181,32,88,93
181,32,88,93
181,32,88,93
181,32,88,93
181,32,88,93
181,32,88,93
182,32,88,93
182,32,88,93
182,32,88,93
182,32,88,93
182,32,88,93
182,32,88,93
182,32,88,93
182,32,88,93
182,32,88,93
182,32,88,93
182,32,88,93
182,32,88,93
182,32,88,93
182,32,88,93
182,32,88,93
182,32,88,93
182,32,88,93
182,32,88,93
182,32,88,93
182,32,88,93
182,32,88,93
182,32,88,93
182,32,88,93
182,32,88,93
182,32,88,93
182,32,88,93
182,32,88,93
182,32,88,93
182,32,88,93
182,32,88,93
182,32,88,93
182,32,88,93
182,32,88,93
182,32,88,93
182,32,88,93
182,32,88,93
182,32,88,93
182,32,88,93
182,32,88,93
182,32,88,93
182,32,88,93
182,32,88,93
182,32,88,93
182,32,88,93
182,32,88,93
182,32,88,93
182,32,88,93
182,32,88,93
182,32,88,93
182,32,88,93
182,32,88,93
182,32,88,93
182,32,88,93
182,32,88,93
182,32,88,93
182,32,88,93
182,32,88,93
182,32,88,93
182,32,88,93
182,32,88,93
182,32,88,93
182,32,88,93
182,32,88,93
182,32,88,93
182,32,88,93
182,32,88,93
182,32,88,93
182,32,88,93
182,32,88,93
182,32,88,93
182,32,88,93
182,32,88,93
182,32,88,93
182,32,88,93
182,32,88,93
182,32,88,93
182,32,88,93
182,32,88,93
182,32,88,93
182,32,88,93
182,32,88,93
182,32,88,93
182,32,88,93
182,32,88,93
182,32,88,93
182,32,88,93
182,32,88,93
182,32,88,93
182,32,88,93
182,32,88,93
182,32,88,93
182,32,88,93
182,32,88,93
182,32,88,93
182,32,88,93
182,32,88,93
182,32,88,93
182,32,88,93
182,32,88,93
182,32,88,93
182,32,88,93
182,32,88,93
182,32,88,93
182,32,88,93
182,32,88,93
182,32,88,93
182,32,88,93
182,32,88,93
182,32,88,93
182,32,88,93
182,32,88,93
182,32,88,93
182,32,88,93
182,32,88,93
182,32,88,93
182,32,88,93
182,32,88,93
182,32,88,93
182,32,88,93
182,32,88,93
182,32,88,93
182,32,88,93
182,32,88,93
182,32,88,93
182,32,88,93
182,32,88,93
182,32,88,93
182,32,88,93
182,32,88,93
182,32,88,93
182,32,88,93
182,32,88,93
182,32,88,93
182,32,88,93
182,32,88,93
182,32,88,93
182,32,88,93
182,32,88,93
182,32,88,93
182,32,88,93
182,32,88,93
182,32,88,93
182,32,88,93
182,32,88,93
182,32,88,93
181,32,88,93
181,32,88,93
181,32,88,93
181,32,88,93
181,32,88,93
181,32,88,93
180,32,88,93
180,33,88,93
180,33,88,93
180,33,88,93
180,33,88,93
180,33,88,93
179,33,88,93
179,32,88,93
180,31,88,93
182,33,88,93
181,33,88,93
180,32,88,93
180,32,88,93
181,31,88,93
181,31,88,93
181,32,88,93
181,32,88,93
182,32,88,93
182,32,88,93
182,32,88,93
181,32,88,93
181,32,88,93
181,32,88,93
181,32,88,93
181,32,88,93
181,32,88,93
181,32,88,93
181,32,88,93
