310,102,39,50
308.792,103.872,39.6952,50.3951
307.521,104.215,41.0372,51.5986
305.68,106.072,42.2391,52.3652
302.848,105.757,44.6269,53.982
299.723,104.146,47.6531,56.4182
297.561,103.666,50.0803,57.9028
294.765,102.303,52.2736,58.7483
291.82,101.376,53.614,59.3845
291.699,100.043,54.8699,59.4476
288.042,100.211,56.5327,60.1047
287.968,99.4043,57.8545,60.643
286.696,99.5336,58.8268,60.4828
284.7,97.6158,59.5844,60.1387
285.871,96.9004,59.2086,58.3734
286.572,98.5257,59.0789,57.2713
287.352,98.3768,58.6245,56.4392
284.498,94.6155,57.919,55.3429
283.561,96.4519,57.9165,54.4073
283.874,96.9345,57.3168,53.1745
283.33,95.547,56.4794,52.1387
280.208,92.883,57.221,52.32
279.754,95.3415,56.8604,50.996
278.939,94.2167,57.6975,51.4403
275.569,93.888,58.9549,51.8752
271.989,92.4105,61.5967,52.664
271.47,96.442,63.4708,52.6619
269.668,93.3794,64.1526,52.382
268.305,91.7547,64.7291,52.165
266.148,92.3442,65.1117,51.9759
264.422,92.4604,65.7851,52.3064
260.275,91.1568,67.2504,52.5933
258.099,94.3441,67.1198,51.6045
254.317,96.4064,68.6205,51.346
251.668,97.6149,69.8737,51.6131
250.705,97.359,69.4748,51.1601
247.643,97.7916,69.4201,50.8052
248.011,99.6124,68.0742,49.873
247.543,100.729,66.7302,48.8716
244.952,101.825,66.2124,48.1695
242.443,102.641,65.9812,47.4951
241.556,104.786,66.6568,47.2144
240.978,109.837,67.9594,47.1594
244.004,112.133,68.9128,47.6552
251.178,116.017,68.4337,47.6555
254.126,120.423,64.0284,45.5978
254.03,116.068,59.5146,42.735
252.756,119.764,55.0096,39.8726
251.867,110.788,52.2488,38.2162
251.744,112.817,47.8952,35.1823
250.204,113.747,44.4839,32.729
250.451,114.703,42.8753,30.9897
243.4,117.311,46.4102,32.4097
235.123,123.919,46.9407,33.2412
232.034,119.764,47.3362,35.8345
230.781,108.102,48.9873,38.299
226.585,106.71,46.4002,37.1815
228.812,107.126,44.1522,36.5431
231.345,103.935,42.2798,35.4697
231.438,102.477,40.1621,34.107
233.127,101.594,38.9681,34.2387
234.411,101.724,38.7028,34.4211
231.535,106.894,39.9456,36.2624
224.623,109.14,42.7002,37.0135
217.608,111.016,42.4589,37.0473
211.814,111.77,43.8566,38.4567
207.728,111.544,45.7927,40.442
203.939,110.516,47.0284,42.0201
198.455,111.758,47.8238,43.3026
193.909,112.702,49.9888,46.1938
187.394,116.061,51.4678,48.1825
182.139,119.077,51.9567,48.9967
180.337,117.937,53.3846,50.266
175.307,117.649,53.0937,50.1009
170.704,119.246,52.8049,49.8641
167.364,120.061,53.3185,50.1849
164.045,122.919,52.7981,49.2839
161.887,120.79,54.2806,50.3293
158.142,121.82,54.4761,50.244
153.773,124.756,54.3662,49.7476
152.904,127.721,54.7594,49.5256
148.366,129.001,55.3951,50.0637
146.101,130.57,56.4153,50.8984
140.339,131.37,57.8427,52.1553
134.896,134.405,57.8708,52.3549
131.098,136.226,58.0853,52.1736
127.939,139.563,58.686,52.6606
123.548,141.188,59.6252,53.5191
119.896,143.631,61.3492,55.8042
115.103,145.956,64.1784,59.5122
111.095,144.181,71.8274,66.9051
106.016,138.7,79.1742,74.9517
99.9346,142.642,84.7917,82.0504
91.8296,148.402,88.9586,87.3825
83.7242,156.79,91.3506,92.1162
75.256,162.86,94.7887,96.9493
70.9864,165.628,98.3087,102.011
60.416,173.021,103.363,107.516
50.7159,182.8,106.004,111.349
45.6336,188.049,108.849,116.48
35.3854,191.422,111.022,120.869
32.2947,189.294,112.768,125.513
22.056,193.58,113.753,127.396
17.2046,194.614,114.158,129.915
11.5977,196.702,114.494,132.441
8.02269,195.303,113.789,133.623
1.26268,196.488,112.882,132.052
-4.75072,199.876,107.99,129.201
-11.4706,187.694,107.437,133.795
-13.3413,172.568,102.634,137.346
-3.02022,158.594,95.5241,135.116
3.29968,157.264,89.7607,128.979
4.42436,166.402,85.8166,123.225
10.2348,174.135,81.7936,118.488
10.5271,189.591,79.9509,115.143
29.2816,203.777,77.6204,109.873
31.7758,217.148,71.3414,96.7277
27.1069,233.627,67.6396,88.1209
17.3335,237.903,67.8857,87.3176
9.42108,237.14,72.1405,90.4025
0.436325,236.196,73.4146,90.8709
-12.847,238.988,75.1977,90.5064
-19.819,237.477,76.8899,94.7509
-19.9456,230.133,72.7382,92.8206
-16.1965,236.776,70.1034,88.197
-24.007,243.033,75.8766,90.9025
-25.996,237.575,86.2331,97.3301
-22.9554,238.054,94.9545,101.476
-17.2995,244.478,106.665,108.695
20.1303,248.499,108.966,106.281
27.2773,243.349,114.905,105.512
26.78,236.246,115.236,102.2
27.7519,235.554,113.845,98.5749
23.9248,236.928,113.293,95.6908
17.9363,240.957,112.238,92.5951
16.6701,240.6,107.646,87.1754
10.7259,244.595,104.163,83.1327
10.9655,247.507,100.871,79.1172
9.59734,249.868,98.5704,76.0487
6.26665,249.726,94.5518,71.8325
5.30624,250.196,91.451,68.3365
4.1888,250.909,88.8348,65.1849
1.55943,252.331,87.0809,62.762
-2.85495,251.476,84.2554,59.7302
-5.57455,250.782,84.0875,58.4977
-7.33812,250.958,84.3567,57.532
-17.0037,256.644,87.9352,59.821
-26.1937,255.718,94.8442,63.042
-39.8818,255.029,106.61,68.5332
-49.8146,253.395,117.957,73.2223
-87.2897,250.887,142.637,85.066
-65.5105,247.958,159.374,90.0129
-72.6267,240.953,155.558,89.6071
-63.3079,239.985,166.25,97.2645
-59.5979,233.828,153.202,92.957
-63.9871,232.346,157.55,98.096
-70.6452,228.515,161.036,101.459
-79.1015,230.444,172.029,104.272
-103.563,234.251,184.712,104.98
-126.387,240.604,197.367,102.911
-143.143,226.954,221.978,108.485
-127.982,216.489,249.436,114.185
-119.39,194.411,306.628,135.464
-62.6967,153.076,346.317,152.007
11.5174,105.265,372.219,165.894
72.3431,75.9883,356.176,159.665
78.5035,82.1504,341.897,153.453
102.271,88.7214,328.831,148.014
114.362,95.5327,322.567,144.364
122.228,97.0164,329.528,143.976
144.174,94.3195,331.606,142.238
200.655,96.9821,320.601,138.421
241.937,88.0646,307.569,132.375
253.57,91.9213,290.012,125.1
264.531,96.9171,275.157,119.123
269.122,106.402,261.145,112.621
278.354,109.303,249.641,107.757
285.517,109.418,242.15,104.362
287.071,109.644,236.001,101.624
289.854,108.586,229.02,98.7405
292.607,108.572,221.988,95.6547
290.969,111.361,215.36,93.101
288.608,112.394,208.219,90.0492
285.396,111.737,199.84,86.4439
285.692,112.505,191.942,83.3924
288.162,111,184.905,80.4353
292.269,109.04,175.58,75.9827
298.075,110.361,167.825,72.3985
301.643,109.297,160.421,68.7376
302.996,112.661,154.18,65.8281
302.772,114.676,148.428,63.1309
302.569,116.722,145.19,61.6559
304.565,116.297,140.747,59.6398
306.251,117.595,136.313,57.8795
306.389,118.011,133.176,56.6094
308.008,118.375,130.39,55.5187
308.751,118.56,127.443,54.3708
309.144,118.552,124.711,53.2582
310.145,120.652,122.048,51.992
311.623,120.763,118.532,50.3728
313.639,120.465,114.806,48.5398
313.864,123.533,111.691,47.2285
314.192,124.87,107.949,45.3241
312.703,126.968,106.016,44.6582
312.219,128.766,103.663,43.7857
311.01,130.374,100.698,42.6174
309.528,132.287,97.678,41.7661
308.037,133.489,95.2499,41.2186
305.93,135.243,93.1303,41.1092
306.525,135.584,90.5398,40.5973
307.92,136.449,88.979,40.9752
312.292,133.043,88.9353,41.4733
312.417,133.048,90.6556,42.9689
314.394,133.367,92.4111,44.6143
313.613,134.729,93.7572,46.1294
313.129,133.793,94.7983,47.1336
312.853,135.298,97.5797,48.921
311.29,133.594,100.442,50.3838
310.695,134.204,105.039,52.3894
308.963,133.661,109.794,54.4587
307.54,132.426,115.898,56.741
305.455,132.573,122.65,59.2497
301.341,133.37,128.285,61.3903
298.702,128.844,134.467,63.4973
297.808,125.33,136.555,64.4249
293.092,123.874,136.308,64.4126
292.575,121.641,132.173,63.1298
291.332,122.005,126.179,60.8469
289.026,124.131,122.243,59.699
288.993,123.144,118.3,58.3867
289.25,120.297,113.763,56.8694
288.145,121.493,110.349,55.6832
286.458,121.588,105.762,53.8886
285.873,122.685,101.548,52.0977
284.451,124.959,98.9902,51.0432
283.617,126.934,96.1988,49.6993
282.592,128.684,95.6585,49.582
283.312,129.741,94.9623,49.5244
281.217,129.8,94.8606,50.043
278.14,131.407,94.4045,50.5026
274.459,131.974,93.3315,50.4478
273.47,133.378,90.1201,49.3611
272.07,134.281,86.4127,48.1259
270.862,134.744,82.7324,47.1203
269.87,135.768,77.9239,45.142
270.188,137.415,72.656,42.4421
268.838,137.871,68.3793,40.2896
269.228,138.808,65.0927,38.6415
269.044,141.024,63.2731,37.9499
269.102,142.974,61.2122,36.9621
269.199,144.599,59.551,36.0931
269.73,146.607,58.4565,35.5398
269.134,148.593,57.2473,34.8263
268.903,150.04,56.4923,34.4028
267.188,150.4,54.4003,32.8677
266.052,150.364,51.9188,31.3487
265.128,148.847,47.6401,28.4751
265.965,144.739,44.2864,26.0915
266.463,142.647,40.4132,23.6609
266.809,142.281,37.7306,21.996
265.719,141.314,35.5262,20.6717
265.934,142.003,33.4982,19.6083
264.138,141.759,32.0947,18.7524
263.798,142.3,31.016,18.2238
263.57,142.4,29.8651,17.6841
262.544,141.558,28.9959,17.1969
260.322,141.843,28.2265,16.5688
258.765,142.606,26.8258,15.6852
256.925,143.659,25.7293,14.9779
256.144,144.704,24.429,14.2545
254.492,145.696,23.3745,13.5698
254.17,147.519,22.3919,13.0465
253.516,148.519,21.873,12.7347
253.463,149.739,21.1419,12.3516
253.531,151.622,21.3262,12.3434
251.572,151.009,21.8727,12.38
250.044,151.233,23.2205,12.7541
249.133,152.009,23.6825,12.6878
248.103,152.472,24.5907,12.8815
247.482,152.839,24.3879,12.5378
246.516,152.887,24.6003,12.4044
246.757,154.167,24.0923,12.2148
246.563,155.652,23.4415,11.943
245.928,156.112,22.3505,11.1807
246.767,157.431,21.5683,10.8754
247.438,157.15,21.3216,10.6094
247.616,157.603,21.1248,10.3401
247.683,156.178,21.6367,10.4651
247.801,155.243,21.7389,10.5183
248.703,155.373,22.8226,11.0244
248.357,153.68,24.2925,11.6908
248.081,151.67,26.2762,12.7295
247.61,150.643,27.5862,13.3352
246.463,149.808,29.5053,14.0396
243.726,149.604,32.5579,15.0124
241.358,147.916,34.3893,15.7357
241.502,145.34,35.5266,16.0049
244.308,141.866,36.0051,16.03
246.992,136.931,34.3872,15.4261
248.899,135.568,35.1992,15.9109
251.118,133.87,34.6316,15.794
254.666,132.868,34.9861,15.967
261.907,133.43,34.5887,15.7815
268.876,136.417,30.2994,13.9532
268.597,136.784,29.118,13.3239
266.363,133.808,31.8448,14.3237
266.907,133.501,30.3925,13.4741
265.201,131.867,31.1771,13.6348
265.302,132.067,30.2099,12.5877
262.883,129.546,31.8718,12.8802
262.149,127.345,32.0517,12.7942
262.252,126.325,32.3043,12.6271
262.705,124.884,31.4038,11.9256
261.655,121.693,32.6663,12.1588
261.882,121.804,31.4343,11.2107
261.524,119.872,32.0402,11.1833
261.978,118.338,32.6665,11.2165
262.875,117.144,32.1988,10.917
262.295,115.058,32.5018,10.9276
263.716,114.833,31.2544,10.4866
261.25,112.012,34.6994,11.3029
263.401,110.182,33.9609,11.1003
264.975,110.092,32.2785,10.5511
265.251,109.033,32.3295,10.3376
265.177,107.95,32.3374,10.0812
266.328,107.804,30.7806,9.52774
265.979,107.925,30.2886,9.1606
265.847,108.309,29.6735,8.68082
265.219,108.941,29.3696,8.15657
263.755,109.711,28.3069,7.64916
262.293,110.31,28.1666,7.64923
261.869,109.17,29.3632,8.32703
262.602,109.11,27.9721,8.12678
262.051,110.309,27.0933,7.91976
263.127,110.121,26.5878,8.11025
263.689,111.036,26.1616,8.21526
262.768,111.438,26.0042,8.32157
261.81,110.881,26.6951,8.7942
262.55,111.472,25.6193,8.58441
262.771,112.89,25.5129,8.58575
262.071,113.434,25.5316,8.58996
262.262,115.079,25.5673,8.64021
261.132,116.905,25.4519,8.35179
259.463,117.987,25.4231,8.22546
258.702,119.737,25.1025,8.03082
259.139,120.777,25.1351,8.20916
258.511,122.907,24.6359,7.95732
258.06,122.64,23.7202,7.8175
255.848,124.313,24.209,7.91913
252.547,123.383,23.7841,8.20005
252.301,122.807,22.0456,8.11334
252.847,122.984,20.6593,8.24419
250.493,122.072,22.6154,9.71011
246.863,120.76,24.6511,11.5678
245.806,118.421,26.6957,13.4548
246.426,114.578,27.5931,14.8611
244.262,113.396,29.1487,16.579
234.382,114.128,34.5534,20.7832
228.167,115.545,33.2937,21.0896
227.033,116.361,31.5619,20.7171
227.766,117.604,29.6529,19.9856
226.144,117.426,28.2276,19.6255
