352,197,56,100
352.644,185.785,56.1343,99.0981
354.497,184.217,55.1515,96.5158
356.478,182.966,53.9933,93.9797
357.51,181.952,53.8738,94.1065
357.107,186.766,54.2691,94.9233
357.068,187.093,53.612,93.8784
358.348,184.541,54.2341,94.8155
358.024,184.852,53.8872,94.1438
357.27,184.545,54.1451,94.9906
357.026,182.511,54.9983,95.471
355.977,180.342,55.5954,95.9236
355.515,178.008,56.3407,96.4807
355.271,174.56,56.5764,96.3098
355.815,174.709,55.9873,95.6828
355.727,172.3,56.4969,95.9029
357.354,166.304,55.892,94.2321
359.325,163.677,55.5246,92.9975
361.412,161.787,55.2324,92.3624
364.39,161.878,54.322,90.1822
367.381,168.737,55.6581,91.5711
370.696,187.603,55.976,92.8042
371.751,210.596,56.5211,94.4297
371.734,231.768,58.5449,97.7716
370.592,246.979,59.5341,99.1152
370.01,252.969,56.7585,94.8321
368.52,250.653,57.1245,94.361
370.293,230.882,56.6646,92.069
371.561,212.148,57.5961,91.7937
371.108,194.9,58.9382,92.9949
366.028,177.341,63.6676,98.9565
360.327,162.964,69.6224,106.815
356.881,156.106,71.0714,108.336
354.705,166.574,70.6769,107.616
342.311,187.702,75.1179,111.404
328.079,193.388,82.7783,119.872
311.344,198.417,91.2749,129.901
287.888,201.101,104.51,145.402
281.313,192.042,122.378,163.498
293.54,173.544,126.117,165.267
310.307,145.233,131.744,169.215
307.996,110.878,136.397,171.007
296.831,81.242,146.008,178.294
288.812,61.2839,157.731,193.025
298.483,100.197,154.688,196.579
311.575,146.294,151.917,198.365
331.117,206.781,149.892,198.782
342.43,232.717,156.335,205.956
350.557,237.727,155.66,210.937
350.42,217.739,158.086,211.028
334.689,176.18,164.601,217.544
334.208,117.782,167.5,217.565
340.866,87.1792,173.03,219.607
353.065,115.811,167.108,218.792
347.918,171.017,156.048,214.063
330.53,210.785,150.672,210.694
302.656,204.142,159.44,225.817
306.688,207.556,153.68,212.853
312.735,170.3,156.843,214.064
313.062,122.534,162.292,217.759
304.41,74.5567,169.804,221.165
297.432,76.8236,170.074,222.749
288.925,117.183,162.233,226.704
280.541,146.643,162.349,238.554
272.016,168.767,167.121,253.824
265.92,159.12,172.47,264.694
275.053,141.473,166.412,258.417
267.607,72.7213,171.916,263.634
263.237,39.6043,173.177,257.329
268.311,51.1843,166.548,245.041
261.578,52.3875,176.275,269.116
254.766,37.4962,183.112,298.119
250.134,16.8242,205.311,333.241
271.878,25.5854,218.46,358.263
292.027,37.3182,195.256,340.668
291.889,-1.67395,189.709,329.662
248.991,-13.98,186.802,323.201
243.095,-15.1183,189.306,332.774
258.189,-8.30902,185.196,346.165
258.959,16.9103,192.404,361.675
259.229,48.4003,197.116,369.625
275.519,53.2336,195.486,371.745
278.643,6.43945,193.407,375.714
276.65,-48.665,190.427,368.752
259.547,-48.7388,178.444,346.565
249.497,-38.1796,179.905,353.079
236.057,-49.5834,178.967,367.538
228.119,9.09546,180.355,367.182
222.595,16.3563,186.719,377.451
240.261,19.4574,183.314,373.057
241.019,-49.8184,190.022,383.347
239.53,-57.5054,182.628,366.514
216.443,-48.4,179.521,346.625
228.171,-50.2671,175.219,344.25
223.405,-69.5217,178.042,366.813
225.865,8.68475,173.423,354.948
212.076,36.6711,182.005,368.324
221.753,35.0103,184.293,368.459
225.492,-6.35571,183.779,368.035
223.952,-14.7236,180.096,349.359
209.494,-21.0721,178.187,332.019
211.804,7.80707,176.736,325.706
190.208,-10.3231,186.645,353.553
203.618,6.67773,194.437,362.878
237.635,16.6849,199.045,354.355
282.743,28.1072,200.209,347.981
302.184,39.1977,182.198,327.749
295.811,9.12531,191.935,339.765
287.233,-11.805,195.897,349.439
295.391,-0.584778,190.532,349.751
308.824,12.5283,185.854,350.287
317.015,31.9488,181.695,349.822
309.989,-0.99115,190.932,363.961
307.301,17.9533,186.819,363.997
307.73,-1.80511,184.348,355.766
285.072,-17.9011,191.707,353.343
222.177,-57.6111,195.91,363.86
182.584,-54.5912,199.869,382.607
181.124,-45.2377,193.879,381.841
199.469,-23.724,198.37,388.823
212.307,-36.0164,208.257,396.996
237.483,-25.1719,209.043,391.282
267.222,6.67084,197.894,364.869
295.978,33.3405,180.082,330.561
287.533,-0.184021,187.296,338.396
280.745,-7.21967,187.294,342.736
268.111,-9.11713,187.399,352.335
257.603,-12.197,184.877,349.754
260.755,-5.2583,182.147,346.227
273.378,15.9149,185.162,347.889
263.408,-19.6298,195.053,363.633
247.894,-37.1622,199.158,372.62
227.023,-40.4921,196.307,373.086
231.422,-26.6966,188.447,365.782
232.9,-36.1918,185.493,358.916
229.87,-44.4221,187.453,361.534
232.591,-34.8505,185.89,352.793
249.995,-3.47601,172.504,319.488
248.681,-15.5116,176.37,316.401
237.025,-19.852,177.014,314.123
259.668,21.6043,171.282,300.003
260.054,22.2175,171.663,294.32
257.499,29.8411,170.532,288.445
271.784,34.259,174.003,278.537
283.639,31.9233,176.579,274.991
291.63,43.4335,175.104,265.431
290.157,44.6653,173.915,262.351
295.213,64.3331,170.951,261.012
286.435,61.8102,164.17,247.702
243.797,45.6129,158.017,242.028
190.004,47.1633,158.83,251.556
172.652,67.379,163.398,257.888
174.6,58.4484,186.1,267.855
220.493,64.5708,190.081,248.914
291.973,73.244,185.614,230.177
341.903,89.5918,183.843,226.142
355.508,93.5936,180.082,222.342
369.77,107.807,173.752,220.59
369.472,107.409,178.301,232.451
358.734,102.37,168.617,221.725
302.017,94.5301,165.521,223.727
241.668,92.2176,170.408,237.225
225.201,106.011,172.752,243.992
217.919,105.512,173.433,247.524
218.188,110.424,171.901,241.958
242.565,107.974,176.218,232.296
273.606,107.877,177.566,224.167
313.993,107.256,174.793,216.5
353.693,107.366,176.352,216.301
378.856,107.984,185.466,224.733
396.578,108.936,181.891,222.795
397.666,111.881,180.941,227.757
373.742,111.709,177.129,226.741
374.102,110.269,177.122,228.871
394.44,112.812,179.052,228.627
410.679,114.703,180.919,229.142
437.417,114.651,183.363,230.535
467.039,112.109,184.532,231.981
475.426,103.749,180.891,227.359
478.769,102.941,177.033,229.392
480.026,114.112,171.37,227.396
481.22,125.611,172.576,226.137
467.667,126.134,165.63,219.107
425.455,127.348,162.706,217.391
410.552,135.387,163.747,223.123
412.032,126.861,167.446,229.572
432.647,122.813,174.459,231.904
449.722,115.831,177.15,233.905
453.043,104.995,175.675,231.682
409.69,104.009,174.143,229.532
364.366,118.637,178.231,239.591
341.044,117.952,174.872,235.905
335.469,119.932,168.723,229.644
325.506,130.277,169.09,232.679
316.985,133.839,167.011,230.497
317.849,140.019,167.287,230.515
330.976,137.192,176.624,233.064
355.669,136.786,174.03,227.759
352.235,122.246,180.071,231.99
345.67,122.782,173.544,226.386
312.538,115.225,172.605,227.898
295.892,111.452,172.569,228.761
273.443,105.771,179.43,238.583
267.286,105.322,176.179,235.442
258.38,107.228,181.583,243.9
265.387,114.847,182.131,246.102
281.468,118.381,176.053,236.463
281.901,108.861,178.511,236.307
270.493,100.495,185.531,244.195
264.036,103.453,187.651,246.56
256.413,109.96,183.319,241.52
225.584,104.984,185.775,244.716
209.472,88.4894,189.375,248.74
203.022,86.075,189.183,251.099
213.25,95.6325,183.336,245.574
226.987,111.957,186.156,244.322
252.44,116.279,191.89,235.835
279.891,118.798,184.745,225.701
278.308,111.011,185.87,227.507
273.332,113.663,190.197,234.134
258.158,125.094,185.967,232.947
241.065,125.468,182.106,229.814
224.703,123.948,181.962,229.337
198.176,101.534,187.095,235.683
192.195,99.2937,184.309,236.624
189.637,92.8827,180.87,229.322
171.204,60.4527,187.169,230.306
181.188,50.9003,192.952,230.162
210.576,87.5691,185.839,230.43
222.641,114.01,183.151,237.683
233.25,132.319,190.321,255.641
235.844,146.8,200.547,280.78
239.597,150.103,191.437,279.374
255.045,172.337,168.605,253.357
269.736,133.509,159.072,238.652
275.992,96.5081,163.712,239.431
285.539,93.8563,168.682,236.631
305.012,135.696,161.808,228.659
314.873,169.597,153.364,231.892
315.957,213.855,151.509,242.742
320.319,233.096,163.674,260.164
323.423,216.442,164.224,264.908
331.54,241.512,150.149,238.676
320.063,192.109,148.632,230.755
312.136,152.114,153.534,229.383
293.989,112.092,163.791,237.497
280.863,133.105,159.733,233.447
289.712,176.482,155.942,230.732
303.161,226.706,155.362,229.902
316.093,243.004,157.429,230.36
319.113,253.627,154.207,227.521
313.549,248.151,150.596,213.017
288.001,201.813,151.075,207.596
268.941,151.308,156.911,209.167
260.917,98.6465,166.887,217.439
277.858,119.404,162.755,213.496
293.232,164.123,150.397,210.868
294.472,222.814,143.042,212.99
300.279,262.509,140.762,216.164
295.781,265.994,146.049,230.045
284.558,249.724,147.262,220.567
266.803,198.603,147,214.418
266.397,142.305,150.629,216.255
277.088,104.611,154.448,215.743
297.218,134.582,148.027,208.471
307.135,196.9,135.977,204.116
305.139,251.821,129.87,201.065
286.367,264.018,142.011,218.556
274.165,260.18,146.424,214.563
270.658,226.572,147.034,210.913
276.435,183.093,147.04,209.318
292.46,157.069,150.378,206.721
313.495,177.691,145.24,199.335
330.479,240.286,130.924,196.413
323.546,291.687,128.737,199.667
301.686,298.58,139.274,228.225
295.594,255.954,139.954,222.187
284.968,213.027,141.269,217.177
270.1,146.671,142.05,214.17
264.683,105.893,149.881,218.821
279.01,135.408,149.105,216.262
290.401,165.933,146.451,218.721
293.554,197.933,152.849,237.679
289.5,198.228,161.962,268.568
285.775,210.406,161.557,268.532
289.38,206.541,150.581,249.107
277.82,134.36,154.318,252.964
279.007,78.6506,153.962,246.937
268.107,52.2178,156.2,242.891
274.095,82.386,150.679,236.398
268.175,85.6486,162.452,259.225
261.882,50.2073,179.149,299.34
272.665,83.6182,186.856,311.603
271.903,98.027,197.9,336.285
269.532,84.2021,196.544,349.878
266.978,45.0974,194.231,348.906
258.136,12.7595,186.213,331.568
262.854,24.7662,173.837,296.182
268.473,34.9561,166.864,276.254
264.179,25.0365,177.489,304.461
253.49,17.9713,191.152,340.696
253.732,81.1662,189.717,344.665
248.818,101.177,195.036,363.271
265.519,113.235,184.401,346.337
277.984,81.8094,180.756,345.775
280.636,31.3691,182.681,345.707
281.297,33.4667,173.048,314.387
259.924,6.53571,183.22,315.684
267.622,18.614,180.823,314.138
267.768,22.2231,180.029,332.402
259.876,33.507,191.618,363.502
257.885,80.8151,194.045,370.68
267.294,83.8624,183.752,357.16
280.471,66.0732,183.215,357.095
296.676,38.4691,175.525,339.647
296.547,37.4798,169.684,311.947
275.769,15.5544,171.535,300.652
279.739,32.2794,167.631,285.812
276.116,29.7305,180.644,312.512
276.215,48.5945,180.607,328.96
269.258,56.7106,191.874,361.582
270.856,81.0468,189.413,368.639
277.722,91.8656,179.819,353.976
284.428,74.5874,180.224,350.929
286.047,30.4313,181.448,350.145
289.846,14.0099,175.449,330.036
285.177,13.2074,168.059,300.651
273.645,-0.513794,175.014,298.585
277.932,31.2401,169.399,292.39
273.132,14.2493,179.461,321.071
274.925,16.5127,190.036,350.391
273.842,80.6304,191.448,357.096
258.33,74.9633,192.572,369.403
263.427,57.7264,189.416,368.624
273.667,25.6162,183.492,359.792
278.039,8.26166,181.013,346.6
277.609,12.3761,175.682,318.453
267.033,5.94781,174.631,306.944
271.369,23.5481,171.839,308.465
263.735,47.8597,172.931,321.103
239.804,31.3828,193.46,370.144
231.515,57.2913,191.669,375.892
222.56,62.0117,190.111,370.112
237.513,60.4147,196.472,371.775
272.964,85.7199,188.923,330.486
294.16,63.07,205.088,332.772
322.3,44.8031,213.846,337.317
347.164,30.9927,217.847,349.194
365.992,28.8082,220.864,356.608
379.427,36.1627,211.154,356.334
368.437,20.5216,207.612,353.825
344.602,16.9719,211.923,368.779
305.121,19.4429,218.74,387.426
254.708,12.1158,223.61,399.887
237.506,14.7395,211.533,389.421
242.286,23.6513,200.663,376.891
273.509,37.6227,192.686,351.485
314.739,35.8704,193.939,334.949
329.764,58.8445,181.676,319.594
327.641,45.9329,184.05,317.562
325.819,26.5795,190.076,326.51
322.91,11.5417,193.192,331.033
326.75,10.7689,195.471,340.723
312.951,37.6741,191.916,340.442
256.144,11.3892,212.96,377.333
211.327,16.6226,222.631,394.758
209.536,23.4711,202.201,368.693
233.637,26.8591,204.768,366.571
286.092,47.3348,191.298,312.072
343.103,95.9694,178.712,279.117
368.049,106.293,172.098,256.748
376.06,87.4047,173.387,252.664
371.08,73.9286,174.507,249.967
374.701,75.8915,166.278,237.86
347.844,67.5927,159.211,229.866
308.998,79.4485,157.915,232.58
271.772,95.2259,157.997,236.998
228.259,98.0913,160.905,244.385
174.083,91.7068,165.813,255.976
128.398,100.636,172.554,269.694
104.131,87.1414,189.345,284.847
126.571,96.3488,199.074,259.984
181.259,111.699,203.302,236.891
228.695,84.1002,213.973,242.481
274.739,85.031,207.219,232.189
302.425,96.9224,192.872,215.454
330.049,113.883,184.489,210.802
340.76,108.598,183.676,213.393
338.429,111.708,183.039,210.848
312.768,89.6028,183.011,205.225
255.352,71.8716,185.846,207.008
187.646,64.0332,191.533,213.364
158.913,55.0335,195.565,220.825
107.137,54.8302,202.092,231.213
89.3608,49.9725,201.776,234.086
93.913,37.818,208.531,233.17
118.811,34.1123,215.22,226.941
144.74,28.7069,221.849,223.265
168.065,50.3463,221.599,220.555
188.988,46.1903,216.815,216.352
187.805,51.4311,212.442,224.253
175.544,57.7687,207.449,225.293
160.112,58.9479,201.87,223.911
164.389,61.8598,198.105,224.868
182.581,82.8418,198.446,222.255
201.411,103.867,195.739,216.111
224.473,103.131,195.656,205.489
257.606,97.6374,190.259,195.253
283.2,97.3723,179.563,187.144
284.072,98.0163,180.975,191.774
281.552,96.0373,180.006,196.363
268.748,93.5534,190.214,211.486
248.622,98.2429,192.04,216.213
212.372,87.535,199.362,227.621
194.377,73.9057,199.036,230.627
194.056,77.1532,190.286,227.004
215.302,82.6063,176.228,213.029
235.773,59.4452,176.566,207.609
265.055,53.8515,177.857,193.606
305.861,67.5637,181.171,189.843
321.922,76.3235,185.06,191.626
337.388,86.0094,181.933,199.619
326.342,92.6718,184.751,210.153
311.446,103.164,184.623,210.808
288.293,105.269,184.911,214.136
264.08,100.544,185.007,219.813
264.575,92.4273,182.41,218.588
279.656,80.4709,176.993,214.833
281.267,59.3412,177.84,214.577
281.457,54.221,179.341,214.44
294.911,70.8786,183.758,211.547
320.075,108.464,182.87,212.266
337.859,121.416,180.052,217.562
333.653,123.92,179.313,220.238
277.489,125.515,180.707,222.253
215.61,111.753,180.897,222.613
180.866,101.27,187.125,233.835
175.339,84.809,184.545,234.604
171.247,67.8282,182.643,232.409
160.558,51.1611,184.221,232.515
151.145,47.3401,187.543,235.027
149.251,63.8545,205.659,229.65
180.135,84.2953,217.545,229.146
199.544,108.994,240.692,251.519
216.354,109.199,252.595,279.481
233.236,107.876,244.7,282.435
245.114,101.93,215.508,263.446
237.424,116.988,186.534,243.313
249.541,103.699,173.311,232.687
276.411,78.8868,164.79,223.428
310.529,53.6468,159.472,217.02
335.303,43.645,159.797,211.031
351.12,66.7548,156.729,205.668
364.62,96.0535,155.051,214.594
373.287,114.374,157.385,227.911
368.071,132.784,158.96,231.877
359.706,126.146,156.658,230.215
318.945,118.408,150.051,223.839
263.821,112.623,149.437,228.007
255.986,108.434,149.397,223.766
260.256,72.8304,152.931,224.889
261.82,39.9402,161.821,229.581
275.319,48.4317,165.773,217.387
293.684,69.8437,173.095,212.236
319.964,99.2349,181.266,222.142
351.887,126.047,180.095,227.317
351.484,137.395,178.423,230.595
339.736,135.562,168.093,222.318
291.448,136.526,158.347,211.509
250.962,128.757,154.662,201.389
211.778,88.1726,146.911,185.699
197.862,58.8374,156.033,190.238
211.083,44.1772,160.272,185.525
232.696,53.3339,169.56,182.915
262.215,81.9017,167.429,187.245
280.507,107.639,174.671,195.548
307.085,133.004,174.883,208.5
300.983,135.831,177.333,214.2
272.401,134.909,181.898,220.447
256.726,121.91,178.744,217.579
261.554,107.055,174.119,213.376
264.717,82.1292,175.349,213.975
270.014,77.0344,176.078,210.592
284.708,88.4293,178.09,208.184
296.062,106.222,175.545,217.037
287.777,119.812,176.748,223.763
273.992,125.936,176.934,231.106
265.165,114.485,178.294,236.368
262.957,111.219,180.445,240.064
281.377,106.525,171.523,230.438
287.788,77.3946,174.338,230.307
272.975,61.9419,178.708,227.791
238.837,63.9681,186.037,236.106
238.794,100,175.972,238.536
253.107,128.434,173.871,239.079
254.568,127.74,177.219,241.581
267.01,129.627,170.971,233.709
289.697,111.305,166.594,227.842
307.67,88.6165,163.217,221.484
297.039,61.2646,172.265,225.126
281.839,60.8565,181.705,237.818
279.502,91.7753,172.515,242.971
284.315,119.974,170.127,248.714
277.785,125.26,174.659,254.932
252.119,129.613,167.632,246.468
242.884,122.941,162.3,240.314
255.683,89.1994,159.291,233.45
261.411,70.4307,162.522,231.281
257.243,66.4018,166.485,233.01
266.329,112.352,165.219,240.478
291.364,141.799,164.981,238.961
285.666,133.853,172.144,250.18
277.533,121.948,167.033,248.512
280.534,110.208,164.456,244.351
279.058,91.5959,171.288,250.374
285.854,129.091,163.501,254.247
272.609,156.484,160.017,258.074
242.302,141.371,167.137,270.433
249.373,152.35,164.381,271.81
257.243,119.795,159.571,264.47
260.848,66.2281,158.511,256.586
278.577,78.2082,162.359,249.989
288.892,98.8429,165.607,275.811
283.523,117.293,168.432,299.984
256.269,112.331,185.336,335.234
243.305,92.8179,188.391,347.818
240.852,80.3875,183.713,350.18
252.979,69.6332,172.422,329.193
257.26,14.8201,178.315,324.78
282.318,44.4941,174.186,323.633
282.928,88.4117,171.716,338.311
261.753,81.3725,182.229,360.818
243.962,70.5508,185.272,368.673
241.126,55.7214,183.197,365.682
248.913,60.6457,175.486,335.826
266.737,10.3107,185.814,331.548
289.714,52.8138,178.438,328.956
291.972,69.3305,179.849,350.798
277.268,93.7532,185.865,368.905
261.702,75.386,187.909,368.275
241.736,64.8719,185.732,363.26
240.514,52.6689,176.614,338.268
253.406,28.8894,184.124,325.635
266.389,55.2437,179.432,343.825
259.608,89.2307,180.216,366.125
252.172,124.748,180.653,378.035
261.09,134.126,177.504,375.468
270.515,114.048,179.129,373.98
274.74,77.2795,179.733,369.961
268.361,31.3511,180.99,362.361
271.772,62.384,177.814,360.668
263.87,89.6675,179.725,376.852
256.125,108.803,180.93,376.244
264.365,114.141,180.601,374.93
263.422,64.1971,184.755,380.953
260.636,27.0187,182.612,367.073
248.401,9.86664,180.149,355.551
253.656,63.9766,171.853,351.466
241.6,91.2166,176.763,363.146
216.675,73.0569,186.84,375.402
214.193,62.5577,186.324,375.834
224.009,69.8803,175.011,350.607
239.35,0.762573,180.34,337.559
269.34,36.384,175.295,331.643
268.378,102.448,169.326,339.82
250.389,118.97,174.583,352.367
235.265,100.449,179.407,360.741
234.469,69.7981,177.911,362.219
250.951,31.8804,167.647,339.934
247.796,-20.3762,165.243,318.003
244.361,12.5644,160.871,300.04
241.215,29.8011,166.843,317.593
236.591,77.878,168.305,335.71
215.129,62.0258,181.113,357.931
211.789,65.5369,178.363,354.438
229.831,77.1855,163.271,319.589
258.612,36.9776,153.62,294.354
259.201,36.3916,160.447,281.11
254.565,68.9886,165.174,287.534
240.431,93.6912,170.141,297.111
222.269,96.7476,174.97,303.993
189.552,72.4922,187.426,327.798
168.176,51.8892,191.763,344.532
167.881,47.2195,188.673,337.265
189.612,58.8322,198.017,339.471
196.078,39.1705,200.302,338.321
205.947,53.8743,194.216,334.295
226.737,69.289,188.726,318.545
242.51,75.3178,177.9,296.696
242.384,75.0111,179.247,286.538
256.184,87.3802,171.066,269.559
250.621,91.8499,175.543,274.016
241.28,88.7963,178.879,279.998
232.149,80.98,180.165,282.49
223.942,89.5554,177.653,282.746
213.619,83.0001,178.081,280.877
230.634,91.7502,178.364,268.7
261.056,106.522,167.362,245.721
266.749,89.615,170.449,243.975
285.287,93.3667,173.401,236.403
300.813,94.3873,173.109,232.439
300.924,95.2906,176.304,236.14
286.357,100.238,175.649,238.372
259.186,85.3153,181.711,247.963
242.791,71.1937,187.235,257.179
230.889,71.0799,186.411,254.628
225.912,68.2103,182.004,248.967
224.492,61.4731,179.626,243.511
233.062,60.9744,178.736,237.809
244.867,53.6657,177.928,235.194
245.241,61.5957,182.245,240.612
252.029,64.2517,180.602,237.447
250.673,67.5694,185.858,243.919
264.187,73.2318,180.154,236.926
279.681,87.3248,175.283,231.436
272.748,83.6302,182.469,244.161
263.938,93.0909,178.283,243.505
252.671,88.6773,178.939,246.326
249.686,90.9086,177.106,247.502
260.962,105.76,173.991,240.043
271.777,120.819,172.133,235.936
279.954,127.449,170.221,235.035
278.549,140.713,165.963,235.443
273.922,139.509,168.956,242.173
272.392,149.555,166.029,242.9
274.226,138.014,170.332,246.983
270.053,141.833,171.027,251.591
263.098,143.914,170.634,252.349
255.881,140.914,172.609,255.578
260.5,146.714,170.515,254.879
258.651,139.765,174.579,259.917
