352,197,56,100
352.346,206.033,59.7197,104.509
352.346,206.033,59.7197,104.509
352.346,206.033,59.7197,104.509
353.111,206.237,59.7379,104.541
353.021,207.045,59.7518,104.566
352.492,206.951,59.7562,104.573
352.982,206.358,59.7981,104.647
352.346,206.033,59.7197,104.509
350.906,204.579,59.7196,104.509
350.428,202.929,59.8615,104.758
350.254,201.011,59.8502,104.738
349.999,199.46,60.0045,105.008
350.055,197.892,59.906,104.836
346.374,206.033,59.7197,104.509
363.295,194.089,49.7664,87.0912
358.318,164.229,49.7664,87.0912
369.101,199.066,41.472,72.576
373.248,192.845,41.472,72.576
374.859,194.178,41.7587,73.0777
376.867,201.266,42.0224,73.5392
378.747,218.762,42.6518,74.6407
379.808,244.553,42.6816,74.6927
380.227,266.956,43.0229,75.2902
380.228,283.076,43.0494,75.3365
364.29,250.823,59.7197,104.509
363.819,238.836,57.0853,99.8994
363.674,213.863,57.512,100.646
373.248,216.484,49.7664,87.0912
368.271,194.089,49.7664,87.0912
365.495,178.857,50.3055,88.0347
369.101,186.624,41.472,72.576
367.208,189.302,41.2487,72.1853
363.662,200.394,41.0967,71.9192
354.857,220.533,40.0067,70.0117
338.31,234.952,39.1776,68.5607
304.57,206.033,59.7197,104.509
296.123,198.889,60.7964,106.394
304.57,188.117,59.7197,104.509
325.475,178.402,59.7034,104.481
340.779,144.693,62.9031,110.08
337.848,107.395,67.5292,118.176
322.849,81.5288,70.711,123.744
322.486,98.5375,59.7197,104.509
323.54,123.651,67.1427,117.5
338.508,178.346,63.1724,110.552
357.747,233.83,63.4583,111.052
371.072,264.322,61.7307,108.029
388.178,298.598,49.7664,87.0912
380.513,268.882,60.1485,105.26
371.502,218.741,59.6792,104.439
375.087,173.613,61.0341,106.81
398.131,171.694,49.7664,87.0912
401.106,182.046,48.272,84.476
386.725,225.078,46.1203,80.7105
362.089,262.508,48.6677,85.1685
338.412,276.204,49.7664,87.0912
340.402,232.907,59.7197,104.509
348.365,196.509,60.8871,106.553
352.328,151.693,62.6478,109.634
346.624,120.168,64.8027,113.405
333.542,121.649,63.0529,110.343
Tracking failure detected
Tracking failure detected
304.57,250.823,59.7197,104.509
310.542,259.781,59.7197,104.509
Tracking failure detected
Tracking failure detected
298.598,155.52,41.472,72.576
299.527,158.456,41.8908,73.309
Tracking failure detected
Tracking failure detected
Tracking failure detected
Tracking failure detected
Tracking failure detected
Tracking failure detected
Tracking failure detected
Tracking failure detected
Tracking failure detected
Tracking failure detected
316.514,259.781,59.7197,104.509
328.008,253.493,61.7779,108.111
Tracking failure detected
Tracking failure detected
292.626,125.411,59.7197,104.509
285.842,140.261,57.262,100.208
276.898,185.513,54.4922,95.3613
271.908,226.8,50.4645,88.3128
268.739,250.823,59.7197,104.509
Tracking failure detected
Tracking failure detected
Tracking failure detected
273.715,119.439,49.7664,87.0912
Tracking failure detected
Tracking failure detected
Tracking failure detected
268.739,268.739,49.7664,87.0912
Tracking failure detected
Tracking failure detected
Tracking failure detected
263.762,156.764,49.7664,87.0912
248.97,169.045,51.6572,90.4
235.804,199.036,55.7955,97.6421
248.957,233.36,59.285,103.749
293.368,246.525,63.1701,110.548
Tracking failure detected
346.374,197.075,59.7197,104.509
353.341,209.019,49.7664,87.0912
350.032,208.37,50.0664,87.6162
355.766,216.104,48.78,85.365
368.548,224.344,48.7878,85.3787
377.146,238.172,47.5349,83.1861
382.482,249.13,46.3781,81.1616
375.596,247.371,45.5737,79.754
358.097,222.777,46.4888,81.3553
314.067,197.279,46.252,80.941
264.632,186.449,46.5743,81.505
226.935,170.201,59.7197,104.509
228.494,184.782,62.1251,108.719
246.383,202.138,62.1023,108.679
271.702,212.362,61.8962,108.318
296.922,210.593,61.9306,108.379
328.458,197.075,59.7197,104.509
340.402,188.117,59.7197,104.509
340.402,179.159,59.7197,104.509
330.313,180.829,60.5377,105.941
321.962,183.985,61.4601,107.555
313.015,182.004,62.0391,108.568
323.482,201.554,49.7664,87.0912
333.435,209.019,49.7664,87.0912
322.486,197.075,59.7197,104.509
299.396,194.161,59.9837,104.972
280.682,188.117,59.7197,104.509
283.668,201.554,49.7664,87.0912
298.598,194.089,49.7664,87.0912
292.723,186.694,51.9032,90.8306
293.396,177.533,51.7921,90.6362
300.756,167.939,51.6898,90.4572
303.575,156.764,49.7664,87.0912
303.448,155.626,50.0226,87.5395
311.91,166.538,48.687,85.2022
315.187,186.624,41.472,72.576
308.552,171.694,49.7664,87.0912
315.67,158.54,56.8702,99.5228
341.625,151.008,57.5596,100.729
348.365,164.229,49.7664,87.0912
343.388,171.694,49.7664,87.0912
342.219,178.244,51.4212,89.9872
Tracking failure detected
Tracking failure detected
Tracking failure detected
213.996,179.159,49.7664,87.0912
Tracking failure detected
Tracking failure detected
Tracking failure detected
Tracking failure detected
418.867,186.624,41.472,72.576
426.81,197.251,41.6552,72.8966
421.098,203.33,40.1637,70.2865
376.394,202.407,39.0369,68.3146
320.71,202.516,38.1282,66.7244
268.739,194.089,49.7664,87.0912
273.715,201.554,49.7664,87.0912
260.297,208.796,49.7274,87.023
259.553,204.256,49.7201,87.0102
289.511,194.911,45.8834,80.2959
322.084,185.334,46.6384,81.6171
360.466,180.14,47.4404,83.0208
403.242,181.201,49.2971,86.2699
436.59,184.917,51.2944,89.7652
452.874,186.624,49.7664,87.0912
438.436,186.995,50.4292,88.2511
418.526,182.741,50.1514,87.7649
420.909,184.497,49.8802,87.2903
442.113,187.207,50.2219,87.8883
459.842,161.243,59.7197,104.509
482.955,159,60.0373,105.065
510.546,156.527,62.1535,108.769
532.5,186.624,49.7664,87.0912
532.5,194.089,49.7664,87.0912
527.524,201.554,49.7664,87.0912
510.106,217.728,41.472,72.576
482.731,216.06,42.078,73.6365
459.842,170.201,59.7197,104.509
448.19,171.308,59.393,103.938
457.851,201.554,49.7664,87.0912
479.515,201.786,48.3479,84.6089
502.641,201.554,49.7664,87.0912
Tracking failure detected
Tracking failure detected
385.69,223.949,41.472,72.576
388.178,201.554,49.7664,87.0912
382.303,200.09,49.726,87.0205
371.992,203.082,49.3436,86.3512
363.295,216.484,49.7664,87.0912
368.405,222.674,49.9281,87.3742
389.55,220.219,51.5688,90.2454
406.094,179.159,59.7197,104.509
403.147,169.608,60.5695,105.997
376.418,162.812,61.0673,106.868
352.618,161.774,61.0246,106.793
336.934,161.274,60.9291,106.626
328.458,201.554,49.7664,87.0912
318.505,201.554,49.7664,87.0912
317.609,207.961,50.2413,87.9222
325.648,211.975,50.2834,87.996
338.412,216.484,49.7664,87.0912
343.388,201.554,49.7664,87.0912
334.55,198.333,49.3689,86.3956
321.623,201.643,48.8508,85.4889
303.417,200.996,48.4885,84.8548
268.739,206.033,59.7197,104.509
262.767,179.159,59.7197,104.509
263.762,194.089,49.7664,87.0912
262.767,170.201,59.7197,104.509
277.73,173.887,59.9348,104.886
303.645,169.259,61.3721,107.401
326.847,161.121,62.2612,108.957
343.388,186.624,49.7664,87.0912
329.88,188.71,54.7604,95.8308
304.57,170.201,59.7197,104.509
286.632,171.752,58.6666,102.667
264.573,169.206,57.8125,101.172
248.832,194.089,49.7664,87.0912
248.832,194.089,49.7664,87.0912
240.966,171.687,54.7344,95.7851
226.626,144.961,55.6977,97.471
Tracking failure detected
Tracking failure detected
Tracking failure detected
Tracking failure detected
292.626,268.739,59.7197,104.509
291.141,267.083,58.8564,102.999
Tracking failure detected
Tracking failure detected
311.04,186.624,41.472,72.576
323.482,186.624,49.7664,87.0912
Tracking failure detected
Tracking failure detected
Tracking failure detected
346.374,331.444,59.7197,104.509
373.248,343.388,49.7664,87.0912
Tracking failure detected
Tracking failure detected
Tracking failure detected
Tracking failure detected
Tracking failure detected
Tracking failure detected
Tracking failure detected
363.295,328.458,49.7664,87.0912
358.318,328.458,49.7664,87.0912
335.295,285.058,56.9538,99.6692
314.376,239.569,54.6966,95.7191
298.981,195.23,55.9832,97.9706
299.004,156.364,60.4873,105.853
308.264,160.806,60.6526,106.142
315.343,208.981,55.9279,97.8738
313.625,262.645,57.0513,99.8398
Tracking failure detected
328.458,313.528,49.7664,87.0912
Tracking failure detected
Tracking failure detected
Tracking failure detected
Tracking failure detected
Tracking failure detected
Tracking failure detected
Tracking failure detected
304.57,295.612,59.7197,104.509
288.913,286.24,65.5682,114.744
Tracking failure detected
Tracking failure detected
Tracking failure detected
Tracking failure detected
Tracking failure detected
Tracking failure detected
338.412,335.923,49.7664,87.0912
Tracking failure detected
Tracking failure detected
Tracking failure detected
298.598,188.117,59.7197,104.509
Tracking failure detected
Tracking failure detected
Tracking failure detected
328.458,313.528,59.7197,104.509
323.418,311.826,57.0008,99.7514
Tracking failure detected
Tracking failure detected
Tracking failure detected
313.528,149.299,49.7664,87.0912
305.037,151.997,61.8688,108.27
Tracking failure detected
Tracking failure detected
Tracking failure detected
338.412,298.598,49.7664,87.0912
Tracking failure detected
Tracking failure detected
Tracking failure detected
293.76,171.072,34.56,60.48
304.575,170.901,36.0144,63.0252
Tracking failure detected
Tracking failure detected
Tracking failure detected
318.505,328.458,49.7664,87.0912
324.256,312.182,55.4705,97.0735
330.361,275.972,55.5376,97.1908
334.185,231.664,53.8101,94.1676
324.35,183.908,53.8061,94.1607
313.528,164.229,49.7664,87.0912
Tracking failure detected
Tracking failure detected
Tracking failure detected
310.542,286.654,59.7197,104.509
314.498,287,59.303,103.78
Tracking failure detected
Tracking failure detected
Tracking failure detected
323.482,164.229,49.7664,87.0912
323.66,167.887,51.7753,90.6067
322.633,193.65,56.3096,98.5419
317.827,235.205,56.0506,98.0885
322.175,271.219,57.9232,101.366
330.576,290.735,59.0718,103.376
328.458,277.697,59.7197,104.509
329.526,252.358,59.7063,104.486
330.321,209.677,61.4956,107.617
324.08,162.609,61.0483,106.835
316.514,134.369,59.7197,104.509
328.458,164.229,49.7664,87.0912
327.314,180.663,47.1765,82.5589
325.841,213.485,51.1195,89.459
336.253,264.206,49.3161,86.3032
319.334,304.819,41.472,72.576
310.542,277.697,59.7197,104.509
Tracking failure detected
Tracking failure detected
Tracking failure detected
306.893,174.182,41.472,72.576
310.542,143.327,59.7197,104.509
306.888,165.758,62.3828,109.17
295.088,200.189,62.1289,108.726
284.967,232.173,61.5187,107.658
279.291,258.044,62.0831,108.645
274.711,268.739,59.7197,104.509
287.156,264.177,61.2449,107.179
315.676,242.318,65.5806,114.766
343.553,223.816,67.7803,118.616
378.571,222.967,68.224,119.392
404.416,230.123,68.2108,119.369
428.781,237.468,68.765,120.339
452.874,268.739,49.7664,87.0912
Tracking failure detected
Tracking failure detected
Tracking failure detected
Tracking failure detected
303.575,268.739,49.7664,87.0912
298.598,232.907,59.7197,104.509
Tracking failure detected
Tracking failure detected
383.201,209.019,49.7664,87.0912
388.178,216.484,49.7664,87.0912
389.522,211.352,49.3768,86.4094
391.122,204.808,49.6773,86.9352
364.954,223.949,41.472,72.576
325.722,235.331,44.522,77.9135
285.91,250.663,44.155,77.2713
258.749,262.098,44.4789,77.8381
268.739,268.739,49.7664,87.0912
295.462,266.486,48.9574,85.6754
332.47,248.704,54.591,95.5342
378.668,222.928,58.3751,102.156
407.686,194.602,66.9918,117.236
427.991,164.229,49.7664,87.0912
427.991,171.694,49.7664,87.0912
408.633,168.609,45.1051,78.9339
370.165,167.707,42.4207,74.2363
332.803,174.527,43.4096,75.9668
293.99,196.521,40.202,70.3535
570.24,298.08,28.8,50.4
541.44,306.72,28.8,50.4
506.487,301.731,31.3495,54.8617
144.323,223.949,49.7664,87.0912
Tracking failure detected
Tracking failure detected
Tracking failure detected
358.318,134.369,59.7197,104.509
369.441,133.029,58.8339,102.959
386.832,146.246,59.0019,103.253
403.108,179.159,49.7664,87.0912
Tracking failure detected
Tracking failure detected
Tracking failure detected
Tracking failure detected
Tracking failure detected
Tracking failure detected
155.271,98.5375,59.7197,104.509
Tracking failure detected
Tracking failure detected
Tracking failure detected
266.112,139.968,34.56,60.48
268.739,89.5795,59.7197,104.509
260.175,96.2246,61.5139,107.649
237.304,101.555,61.9717,108.451
219.802,143.078,41.472,72.576
224.913,151.959,39.6325,69.3569
243.93,161.684,39.8434,69.726
265.853,169.048,39.1956,68.5924
293.053,157.057,42.1127,73.6972
317.169,143.83,42.5531,74.4679
334.43,107.495,59.7197,104.509
339.384,109.2,59.3951,103.941
335.685,117.223,57.4241,100.492
323.226,125.393,58,101.5
298.972,129.411,57.3321,100.331
269.729,130.003,57.1768,100.059
263.762,164.229,49.7664,87.0912
263.855,161.436,49.8032,87.1556
269.602,142.882,53.529,93.6758
297.122,124.039,47.0849,82.3985
335.96,103.864,52.9317,92.6305
352.346,116.453,59.7197,104.509
370.262,125.411,59.7197,104.509
382.206,107.495,59.7197,104.509
376.172,122.63,57.9441,101.402
354.58,129.751,58.1735,101.804
327.595,137.897,57.4988,100.623
318.505,164.229,49.7664,87.0912
322.336,157.777,51.0069,89.2621
329.903,139.337,54.4384,95.2672
331.699,115.061,55.1822,96.5688
334.43,125.411,59.7197,104.509
Tracking failure detected
Tracking failure detected
379.817,150.494,71.6636,125.411
Tracking failure detected
Tracking failure detected
Tracking failure detected
223.949,180.403,41.472,72.576
224.115,166.906,41.9514,73.415
217.135,151.401,42.2375,73.9156
206.153,136.675,43.2133,75.6232
206.336,131.88,41.6413,72.8723
Tracking failure detected
Tracking failure detected
Tracking failure detected
338.688,243.648,34.56,60.48
331.776,248.832,41.472,72.576
Tracking failure detected
Tracking failure detected
Tracking failure detected
Tracking failure detected
Tracking failure detected
388.178,89.5795,59.7197,104.509
400.122,107.495,59.7197,104.509
408.698,142.479,60.4502,105.788
413.213,176.945,60.731,106.279
408.062,200.703,62.3321,109.081
Tracking failure detected
Tracking failure detected
Tracking failure detected
Tracking failure detected
Tracking failure detected
Tracking failure detected
Tracking failure detected
Tracking failure detected
Tracking failure detected
Tracking failure detected
Tracking failure detected
Tracking failure detected
Tracking failure detected
Tracking failure detected
Tracking failure detected
Tracking failure detected
Tracking failure detected
596.16,211.68,28.8,50.4
Tracking failure detected
Tracking failure detected
340.402,179.159,59.7197,104.509
316.236,179.87,78.7173,137.755
290.583,177.885,82.5413,144.447
275.698,158.692,87.4842,153.097
276.252,132.241,87.6001,153.3
304.57,143.327,59.7197,104.509
311.767,136.275,62.5941,109.54
328.458,152.285,59.7197,104.509
340.402,134.369,59.7197,104.509
329.06,155.698,58.4655,102.315
316.514,170.201,59.7197,104.509
323.482,201.554,49.7664,87.0912
325.771,194.383,50.7767,88.8593
333.567,169.338,53.6872,93.9525
341.226,137.849,56.3848,98.6734
Tracking failure detected
Tracking failure detected
Tracking failure detected
Tracking failure detected
310.542,206.033,59.7197,104.509
314.208,187.648,62.639,109.618
334.378,159.159,63.5249,111.168
346.842,123.966,68.0503,119.088
340.402,98.5375,59.7197,104.509
326.139,105.461,61.0105,106.768
312.795,130.946,61.8549,108.246
319.165,168.627,61.5631,107.735
306.444,187.133,64.9669,113.692
277.183,189.048,63.7196,111.509
Tracking failure detected
Tracking failure detected
304.57,116.453,59.7197,104.509
296.764,118.377,59.5372,104.19
Tracking failure detected
Tracking failure detected
328.458,206.033,59.7197,104.509
Tracking failure detected
Tracking failure detected
322.486,188.117,59.7197,104.509
Tracking failure detected
Tracking failure detected
293.622,276.204,49.7664,87.0912
Tracking failure detected
Tracking failure detected
Tracking failure detected
Tracking failure detected
Tracking failure detected
Tracking failure detected
307.584,326.592,34.56,60.48
294.877,319.117,41.392,72.436
Tracking failure detected
Tracking failure detected
Tracking failure detected
Tracking failure detected
Tracking failure detected
Tracking failure detected
Tracking failure detected
Tracking failure detected
Tracking failure detected
Tracking failure detected
Tracking failure detected
Tracking failure detected
Tracking failure detected
Tracking failure detected
Tracking failure detected
Tracking failure detected
Tracking failure detected
Tracking failure detected
Tracking failure detected
Tracking failure detected
303.575,350.853,49.7664,87.0912
310.542,315.335,53.877,94.2848
311.686,270.336,54.3814,95.1674
322.486,214.991,59.7197,104.509
Tracking failure detected
Tracking failure detected
308.154,300.987,71.6636,125.411
311.354,284.572,73.7186,129.008
310.676,241.837,71.5383,125.192
300.496,194.507,69.666,121.915
298.598,188.117,59.7197,104.509
Tracking failure detected
Tracking failure detected
268.739,259.781,59.7197,104.509
Tracking failure detected
Tracking failure detected
Tracking failure detected
Tracking failure detected
Tracking failure detected
Tracking failure detected
Tracking failure detected
Tracking failure detected
Tracking failure detected
Tracking failure detected
Tracking failure detected
Tracking failure detected
Tracking failure detected
262.767,286.654,59.7197,104.509
Tracking failure detected
Tracking failure detected
Tracking failure detected
298.598,179.159,59.7197,104.509
286.42,199.702,63.6101,111.318
271.063,230.763,63.9196,111.859
255.394,250.653,62.8701,110.023
237.404,256.058,63.7218,111.513
226.935,223.949,59.7197,104.509
228.827,214.927,62.3761,109.158
253.491,214.8,62.627,109.597
273.715,238.879,49.7664,87.0912
278.692,246.344,49.7664,87.0912
289.272,239.13,49.9858,87.4751
295.565,222.655,51.7282,90.5243
303.575,209.019,49.7664,87.0912
308.552,209.019,49.7664,87.0912
308.552,216.484,49.7664,87.0912
301.248,220.444,49.8669,87.2671
292.551,222.051,49.1514,86.0149
278.554,220.85,49.1503,86.0129
273.715,216.484,49.7664,87.0912
Tracking failure detected
Tracking failure detected
310.542,143.327,59.7197,104.509
322.95,135.277,64.3275,112.573
352.346,143.327,59.7197,104.509
346.858,146.637,60.0444,105.078
324.021,146.791,59.67,104.423
300.969,144.785,61.898,108.321
303.575,171.694,49.7664,87.0912
297.712,170.714,50.586,88.5256
285.884,166.638,49.933,87.3827
282.934,155.227,50.786,88.8754
292.376,145.346,49.9713,87.4498
298.598,116.453,59.7197,104.509
304.57,116.453,59.7197,104.509
307.854,123.135,59.6428,104.375
310.542,143.327,59.7197,104.509
318.47,146.644,59.7306,104.529
328.458,143.327,59.7197,104.509
323.23,147.406,60.0184,105.032
310.338,153.324,59.6934,104.463
308.552,186.624,49.7664,87.0912
308.46,190.469,50.384,88.1721
318.398,196.593,49.9665,87.4415
329.484,206.786,49.1972,86.0951
333.435,216.484,49.7664,87.0912
329.862,225.233,48.893,85.5627
325.181,232.636,49.6905,86.9584
328.458,238.879,49.7664,87.0912
331.17,241.144,50.6155,88.5771
329.622,242.261,50.3156,88.0523
321.695,244.962,50.4871,88.3524
313.528,238.879,49.7664,87.0912
315.169,242.083,49.5575,86.7257
318.505,253.809,49.7664,87.0912
