306,5,95,65
309.3,4.91876,100.289,66.172
322.438,11.6493,108.823,69.3371
324.084,31.2981,119.046,75.0878
317.805,59.683,126.122,79.1883
306.383,79.1871,125.818,79.3457
298.805,92.7778,122.444,79.3281
286.696,101.575,132.092,88.2157
295.515,102.099,131.711,90.951
307.474,106.671,132.843,93.0404
297.636,83.4935,141.807,97.2934
270.034,77.2551,155.333,103.443
256.334,68.0284,174.899,115.962
251.237,39.1048,191.589,126.038
245.223,31.9779,209.443,135.869
229.457,30.039,222.324,142.196
232.805,35.383,232.367,145.102
215.947,41.2561,245.383,148.337
230.529,41.2752,256.655,154.143
276.222,31.2695,266.472,162.549
334.599,24.1403,268.157,168.735
367.592,25.595,270.322,177.591
393.422,29.3803,272.578,184.012
367.732,21.8844,299.904,203.756
325.505,7.19376,338.134,221.63
272.176,17.0458,355.279,228.915
260.786,24.7989,367.435,234.794
275.212,22.7519,393.608,247.221
321.55,30.3386,393.803,244.222
319.614,20.8172,399.224,243.172
345.535,15.3418,399.286,239.232
386.562,22.9507,397.562,235.922
341.548,29.3578,406.252,236.964
373.803,27.5431,400.611,233.403
378.65,37.7082,381.758,221.729
423.512,37.9432,365.384,212.389
434.517,78.245,347.171,205.229
455.544,69.3699,329.756,196.01
507.371,50.8244,359.796,212.962
544.567,39.5466,391.139,234.346
507.194,34.7457,429.089,255.848
515.621,31.735,450.354,262.282
437.265,53.0691,472.915,260.968
183.494,2.42969,598.105,320.417
10.7883,33.6159,646.921,323.863
-20.3177,54.9333,695.155,332.99
-18.0317,37.6927,712.351,332.441
-52.3501,45.9361,735.055,334.325
-83.6531,36.252,768.357,338.913
-96.7533,28.4445,795.066,343.645
-112.196,12.0967,829.535,352.028
-93.7831,30.132,808.888,342.491
-128.67,21.876,806.306,339.035
-149.689,15.1603,813.227,335.146
-202.556,-3.64972,798.135,330.078
Tracking failure detected
Tracking failure detected
Tracking failure detected
Tracking failure detected
Tracking failure detected
Tracking failure detected
Tracking failure detected
Tracking failure detected
Tracking failure detected
Tracking failure detected
Tracking failure detected
Tracking failure detected
Tracking failure detected
Tracking failure detected
Tracking failure detected
Tracking failure detected
