143,125,30,54
143,125,30,54
143,125,30,54
143,125,30,54
143,126,30,54
143,126,30,54
143,126,30,54
143,127,30,54
143,127,30,54
143,127,30,54
143,127,30,54
143,127,30,54
143,127,30,54
143,126,30,54
143,125,30,54
143,124,30,54
142,124,30,54
142,124,30,54
142,125,30,54
142,125,30,54
142,126,30,54
142,127,30,54
142,127,30,54
142,126,30,54
142,126,30,54
141,127,30,54
140,127,30,54
140,127,30,54
140,127,30,54
141,127,30,54
141,128,30,54
142,129,30,54
142,130,30,54
142,130,30,54
142,130,30,54
141,130,30,54
141,131,30,54
140,131,30,54
138,132,30,54
137,133,30,54
136,135,30,54
135,135,30,54
134,134,30,54
132,133,30,54
131,131,30,54
131,128,30,54
132,128,30,54
134,129,30,54
138,128,30,54
141,128,30,54
144,129,30,54
148,129,30,54
152,129,30,54
152,131,30,54
150,133,30,54
147,133,30,54
146,132,30,54
144,133,30,54
142,136,30,54
140,139,30,54
139,141,30,54
140,142,30,54
141,142,30,54
142,142,30,54
143,140,30,54
142,137,30,54
140,134,30,54
138,132,30,54
136,131,30,54
136,126,30,54
138,118,30,54
140,108,30,54
142,99,30,54
142,93,30,54
141,88,30,54
138,85,30,54
133,84,30,54
125,88,30,54
114,97,30,54
102,114,30,54
95,130,30,54
96,141,30,54
102,152,30,54
111,165,30,54
122,174,30,54
136,180,30,54
148,185,30,54
157,185,30,54
162,182,30,54
166,176,30,54
165,167,30,54
163,158,30,54
160,149,30,54
157,141,30,54
150,134,30,54
144,128,30,54
134,124,30,54
126,123,30,54
117,126,30,54
113,130,30,54
113,133,30,54
115,135,30,54
119,137,30,54
124,137,30,54
130,137,30,54
136,135,30,54
141,133,30,54
146,130,30,54
149,128,30,54
151,125,30,54
153,122,30,54
152,119,30,54
150,117,30,54
148,115,30,54
143,113,30,54
138,115,30,54
134,118,30,54
134,122,30,54
134,126,30,54
134,130,30,54
135,133,30,54
136,132,30,54
137,129,30,54
138,126,30,54
139,126,30,54
137,125,30,54
136,123,30,54
134,120,30,54
133,118,30,54
132,117,30,54
132,117,30,54
131,117,30,54
131,117,30,54
147,119,30,54
146,118,30,54
130,114,30,54
130,114,30,54
130,114,30,54
130,115,30,54
129,116,30,54
129,116,30,54
129,116,30,54
130,116,30,54
136,87,30,54
133,87,30,54
131,87,30,54
130,87,30,54
129,83,30,54
129,81,30,54
129,79,30,54
129,78,30,54
148,71,30,54
150,71,30,54
152,72,30,54
162,72,30,54
164,77,30,54
168,80,30,54
166,77,30,54
166,77,30,54
166,77,30,54
166,78,30,54
166,78,30,54
167,78,30,54
168,78,30,54
168,78,30,54
169,78,30,54
169,78,30,54
169,78,30,54
168,78,30,54
168,78,30,54
168,78,30,54
167,78,30,54
167,78,30,54
166,78,30,54
166,78,30,54
168,78,30,54
167,79,30,54
167,79,30,54
167,79,30,54
167,79,30,54
166,78,30,54
166,78,30,54
167,78,30,54
168,78,30,54
168,78,30,54
168,78,30,54
168,78,30,54
167,78,30,54
168,78,30,54
168,78,30,54
168,78,30,54
169,78,30,54
169,78,30,54
168,78,30,54
168,77,30,54
168,77,30,54
168,77,30,54
168,78,30,54
168,78,30,54
168,77,30,54
168,77,30,54
168,77,30,54
168,77,30,54
168,77,30,54
168,77,30,54
168,77,30,54
168,77,30,54
168,77,30,54
168,77,30,54
168,77,30,54
168,77,30,54
167,77,30,54
166,77,30,54
165,76,30,54
164,75,30,54
164,75,30,54
168,99,30,54
163,98,30,54
159,97,30,54
147,98,30,54
128,96,30,54
117,97,30,54
96,97,30,54
82,79,30,54
69,80,30,54
72,83,30,54
61,86,30,54
52,91,30,54
48,95,30,54
46,101,30,54
47,106,30,54
50,110,30,54
54,115,30,54
59,117,30,54
62,121,30,54
68,121,30,54
74,126,30,54
79,124,30,54
84,123,30,54
88,123,30,54
92,124,30,54
96,128,30,54
99,132,30,54
102,136,30,54
107,138,30,54
112,138,30,54
116,137,30,54
117,137,30,54
118,136,30,54
117,135,30,54
118,134,30,54
127,114,30,54
126,113,30,54
125,112,30,54
124,111,30,54
123,109,30,54
122,107,30,54
121,105,30,54
122,104,30,54
122,103,30,54
123,101,30,54
125,101,30,54
148,112,30,54
149,110,30,54
150,110,30,54
150,109,30,54
151,109,30,54
152,110,30,54
153,111,30,54
153,113,30,54
153,113,30,54
158,112,30,54
160,110,30,54
161,108,30,54
160,107,30,54
159,106,30,54
156,105,30,54
153,105,30,54
127,93,30,54
125,93,30,54
145,112,30,54
145,115,30,54
121,109,30,54
121,113,30,54
122,117,30,54
123,123,30,54
125,127,30,54
127,129,30,54
129,130,30,54
132,130,30,54
134,130,30,54
135,130,30,54
135,129,30,54
134,126,30,54
133,125,30,54
122,143,30,54
120,143,30,54
119,144,30,54
118,145,30,54
118,146,30,54
117,149,30,54
118,151,30,54
118,154,30,54
119,156,30,54
120,157,30,54
121,158,30,54
123,159,30,54
122,160,30,54
122,158,30,54
122,157,30,54
123,159,30,54
122,159,30,54
123,155,30,54
127,155,30,54
130,156,30,54
132,158,30,54
135,160,30,54
137,162,30,54
139,165,30,54
141,167,30,54
142,170,30,54
143,173,30,54
143,174,30,54
145,173,30,54
146,172,30,54
146,171,30,54
146,170,30,54
146,169,30,54
146,169,30,54
172,178,30,54
174,181,30,54
175,183,30,54
177,186,30,54
178,186,30,54
180,186,30,54
181,186,30,54
189,158,30,54
189,158,30,54
189,157,30,54
208,180,30,54
207,177,30,54
204,174,30,54
202,170,30,54
197,167,30,54
195,164,30,54
193,161,30,54
191,158,30,54
189,156,30,54
187,153,30,54
186,151,30,54
199,151,30,54
198,149,30,54
197,148,30,54
197,147,30,54
196,147,30,54
196,147,30,54
196,147,30,54
196,147,30,54
197,147,30,54
197,148,30,54
197,157,30,54
197,160,30,54
197,161,30,54
202,132,30,54
206,137,30,54
208,141,30,54
211,146,30,54
212,149,30,54
213,151,30,54
215,155,30,54
217,157,30,54
219,158,30,54
221,160,30,54
223,161,30,54
225,163,30,54
227,165,30,54
229,167,30,54
232,170,30,54
235,173,30,54
237,176,30,54
239,178,30,54
242,181,30,54
244,183,30,54
247,185,30,54
250,186,30,54
253,186,30,54
255,186,30,54
256,186,30,54
258,186,30,54
249,173,30,54
250,172,30,54
251,171,30,54
252,170,30,54
252,169,30,54
252,169,30,54
253,169,30,54
253,168,30,54
253,167,30,54
254,166,30,54
254,165,30,54
254,165,30,54
254,165,30,54
253,165,30,54
253,166,30,54
253,166,30,54
253,166,30,54
253,166,30,54
253,166,30,54
253,166,30,54
253,165,30,54
253,165,30,54
253,165,30,54
253,165,30,54
253,166,30,54
249,161,30,54
249,159,30,54
262,170,30,54
262,169,30,54
258,164,30,54
256,162,30,54
253,157,30,54
252,155,30,54
250,151,30,54
249,148,30,54
249,146,30,54
245,138,30,54
244,137,30,54
243,138,30,54
242,140,30,54
240,142,30,54
238,145,30,54
240,132,30,54
239,135,30,54
212,133,30,54
182,133,30,54
171,136,30,54
168,134,30,54
182,157,30,54
172,129,30,54
168,127,30,54
162,126,30,54
158,124,30,54
136,131,30,54
140,134,30,54
136,139,30,54
136,141,30,54
136,142,30,54
138,142,30,54
139,145,30,54
141,147,30,54
143,147,30,54
147,145,30,54
146,146,30,54
147,144,30,54
146,142,30,54
144,139,30,54
142,137,30,54
141,133,30,54
141,130,30,54
140,132,30,54
140,136,30,54
139,140,30,54
140,144,30,54
142,147,30,54
143,151,30,54
145,151,30,54
147,150,30,54
149,149,30,54
151,151,30,54
153,155,30,54
155,157,30,54
155,157,30,54
