328,422,8,26
Tracking failure detected
Tracking failure detected
Tracking failure detected
Tracking failure detected
Tracking failure detected
Tracking failure detected
Tracking failure detected
Tracking failure detected
Tracking failure detected
Tracking failure detected
Tracking failure detected
Tracking failure detected
Tracking failure detected
Tracking failure detected
Tracking failure detected
Tracking failure detected
Tracking failure detected
Tracking failure detected
Tracking failure detected
Tracking failure detected
Tracking failure detected
Tracking failure detected
Tracking failure detected
Tracking failure detected
Tracking failure detected
Tracking failure detected
Tracking failure detected
1068,1140,20,65
1066,1140,20,65
1066,1140,20,65
1062,1122,20,65
1064,1110,20,65
1150,1050,20,65
1144.8,1036.8,24,78
1144.8,1029.6,24,78
1096,1020,20,65
1094,1026,20,65
1089.6,1022.4,24,78
1085.76,1036.8,28.8,93.6
1080,1028.16,28.8,93.6
1080,1036.8,28.8,93.6
1077.12,1045.44,28.8,93.6
1082,1044,20,65
1086,1032,20,65
1077.6,1015.2,24,78
1072,1002,20,65
1060,984,20,65
1064,1008,20,65
1058.4,1008,24,78
1058,1002,20,65
1063.2,1015.2,24,78
1066,1014,20,65
1051.2,967.68,28.8,93.6
1058.4,1008,24,78
1062,1014,20,65
1054,990,20,65
1046.4,1000.8,24,78
1046,1002,20,65
1033.92,976.32,28.8,93.6
1040,990,20,65
1030,978,20,65
1027.2,979.2,24,78
1027.2,986.4,24,78
1026,966,20,65
1028,984,20,65
1030,984,20,65
1032,979.2,24,78
1034,972,20,65
1040,996,20,65
1034.4,972,24,78
1036.8,986.4,24,78
1038,984,20,65
1036,984,20,65
1034,972,20,65
1036,972,20,65
1032,960,20,65
1032,954,20,65
1034,966,20,65
1028,936,20,65
1022.4,928.8,24,78
1024,924,20,65
1020,907.2,24,78
1022,906,20,65
1015.2,892.8,24,78
1005.12,864,28.8,93.6
1012,870,20,65
1016,894,20,65
1010,870,20,65
1010,864,20,65
1010,864,20,65
1008,864,24,78
1012.8,864,24,78
1018,870,20,65
1016,858,20,65
1015.2,864,24,78
1015.2,864,24,78
1015.2,871.2,24,78
1016,870,20,65
1018,882,20,65
1018,888,20,65
1018,888,20,65
1016,888,20,65
1008,864,20,65
1006,870,20,65
998.4,871.2,24,78
996,864,20,65
986.4,871.2,24,78
979.2,864,24,78
976,852,20,65
972,858,20,65
969.6,864,24,78
968,858,20,65
964.8,856.8,24,78
966,864,20,65
962.4,856.8,24,78
960,849.6,24,78
962,864,20,65
962,864,20,65
957.6,864,24,78
955.2,856.8,24,78
955.2,856.8,24,78
952.8,856.8,24,78
952.8,856.8,24,78
947.52,846.72,28.8,93.6
950.4,846.72,28.8,93.6
960,878.4,24,78
960,871.2,24,78
964,882,20,65
964,882,20,65
962.4,878.4,24,78
962.4,885.6,24,78
960,871.2,24,78
960,871.2,24,78
964,876,20,65
964,870,20,65
964,876,20,65
964,876,20,65
957.6,871.2,24,78
960,876,20,65
956,870,20,65
952,870,20,65
948,864,24,78
938.88,846.72,28.8,93.6
948,876,20,65
946,870,20,65
940.8,856.8,24,78
930.24,838.08,28.8,93.6
936,858,20,65
932,852,20,65
928,852,20,65
919.2,849.6,24,78
914.4,842.4,24,78
910,828,20,65
900,816,20,65
892,816,20,65
888,816,20,65
883.2,813.6,24,78
886,840,20,65
878,840,20,65
876,852,20,65
882,858,20,65
892.8,842.4,24,78
914,858,20,65
930,846,20,65
956,852,20,65
967.2,835.2,24,78
979.2,849.6,24,78
978,846,20,65
972,828,20,65
974,822,20,65
970,804,20,65
954,810,20,65
924.48,794.88,28.8,93.6
895.68,812.16,28.8,93.6
876,828,20,65
862,810,20,65
852,804,20,65
832.8,784.8,24,78
820,792,20,65
804,792,24,78
794.4,799.2,24,78
784,798,20,65
770.4,806.4,24,78
758.4,820.8,24,78
750,822,20,65
736.8,813.6,24,78
732,828,24,78
724.8,813.6,24,78
720,822,20,65
718,834,20,65
714,840,20,65
712,822,20,65
712.8,820.8,24,78
718,828,20,65
722,834,20,65
730,828,20,65
738,828,20,65
744,820.8,24,78
746.4,799.2,24,78
754,798,20,65
756,799.2,24,78
758.4,806.4,24,78
760.8,799.2,24,78
772,804,20,65
778,816,20,65
780,816,20,65
780,813.6,24,78
776,798,20,65
764,804,20,65
748.8,806.4,24,78
744,820.8,24,78
736.8,813.6,24,78
738,828,20,65
734,834,20,65
715.392,798.336,34.56,112.32
728,816,20,65
727.2,820.8,24,78
722.4,820.8,24,78
724.8,813.6,24,78
736,834,20,65
736,822,20,65
732,813.6,24,78
738,822,20,65
740,822,20,65
739.2,813.6,24,78
742,822,20,65
741.6,813.6,24,78
746.4,813.6,24,78
752,822,20,65
748.8,820.8,24,78
758,834,20,65
758,834,20,65
754,840,20,65
748,834,20,65
734.4,820.8,28.8,93.6
739.2,820.8,24,78
731.52,820.8,28.8,93.6
729.6,806.4,24,78
736.8,813.6,24,78
739.2,806.4,24,78
736.8,792,24,78
736.8,770.4,24,78
734.4,768.96,28.8,93.6
744,770.4,24,78
737.28,751.68,28.8,93.6
740.16,743.04,28.8,93.6
743.04,751.68,28.8,93.6
748.8,751.68,28.8,93.6
749.952,746.496,34.56,112.32
757.44,734.4,28.8,93.6
763.2,734.4,28.8,93.6
763.776,725.76,34.56,112.32
774.72,708.48,28.8,93.6
774.144,715.392,34.56,112.32
781.056,715.392,34.56,112.32
789.12,725.76,28.8,93.6
781.056,705.024,34.56,112.32
786.24,725.76,28.8,93.6
771.379,696.73,41.472,134.784
770.688,705.024,34.56,112.32
758.938,696.73,41.472,134.784
756.864,694.656,34.56,112.32
756.864,684.288,34.56,112.32
763.776,684.288,34.56,112.32
756.864,673.92,34.56,112.32
753.408,684.288,34.56,112.32
734.054,659.405,41.472,134.784
736.128,663.552,34.56,112.32
716.636,627.057,49.7664,161.741
721.613,634.522,41.472,134.784
713.318,622.08,41.472,134.784
708.48,622.08,34.56,112.32
681.8,567.337,49.7664,161.741
684.288,572.314,41.472,134.784
666.87,552.407,49.7664,161.741
661.893,537.477,49.7664,161.741
671.846,559.872,41.472,134.784
684.288,590.976,34.56,112.32
680.832,559.872,34.56,112.32
666.87,522.547,49.7664,161.741
680.141,547.43,41.472,134.784
684.288,559.872,34.56,112.32
677.376,559.872,34.56,112.32
670.464,549.504,34.56,112.32
663.552,547.43,41.472,134.784
655.258,534.989,41.472,134.784
634.522,534.989,41.472,134.784
604.8,549.504,34.56,112.32
584.755,534.989,41.472,134.784
570.24,559.872,34.56,112.32
555.725,547.43,41.472,134.784
542.592,559.872,34.56,112.32
518.4,570.24,34.56,112.32
508.032,559.872,34.56,112.32
504.576,570.24,34.56,112.32
497.664,559.872,41.472,134.784
497.664,559.872,41.472,134.784
493.517,572.314,41.472,134.784
508.032,580.608,34.56,112.32
518.4,580.608,34.56,112.32
528.768,580.608,34.56,112.32
526.694,572.314,41.472,134.784
534.989,572.314,41.472,134.784
546.048,590.976,34.56,112.32
539.136,584.755,41.472,134.784
539.136,584.755,41.472,134.784
546.048,601.344,34.56,112.32
539.136,580.608,34.56,112.32
546.048,590.976,34.56,112.32
539.136,559.872,34.56,112.32
532.224,549.504,34.56,112.32
525.312,539.136,34.56,112.32
508.032,528.768,34.56,112.32
493.517,497.664,41.472,134.784
494.208,476.928,34.56,112.32
494.208,466.56,34.56,112.32
510.106,485.222,41.472,134.784
528.768,487.296,34.56,112.32
547.43,497.664,41.472,134.784
559.872,485.222,41.472,134.784
584.755,497.664,41.472,134.784
604.8,497.664,34.56,112.32
613.786,510.106,41.472,134.784
626.227,522.547,41.472,134.784
627.057,492.687,49.7664,161.741
656.64,518.4,34.56,112.32
651.94,477.757,49.7664,161.741
656.916,462.828,49.7664,161.741
677.376,497.664,34.56,112.32
677.376,476.928,34.56,112.32
680.141,460.339,41.472,134.784
687.744,456.192,34.56,112.32
680.141,435.456,41.472,134.784
680.832,425.088,34.56,112.32
684.288,456.192,34.56,112.32
687.744,466.56,34.56,112.32
666.87,418.038,49.7664,161.741
670.464,425.088,34.56,112.32
663.552,410.573,41.472,134.784
659.405,423.014,41.472,134.784
641.987,388.178,49.7664,161.741
656.64,393.984,34.56,112.32
659.405,385.69,41.472,134.784
671.846,398.131,41.472,134.784
663.552,398.131,41.472,134.784
660.096,404.352,34.56,112.32
655.258,398.131,41.472,134.784
637.01,358.318,49.7664,161.741
646.963,373.248,41.472,134.784
642.816,348.365,41.472,134.784
642.816,352.512,34.56,112.32
634.522,335.923,41.472,134.784
639.36,342.144,34.56,112.32
634.522,298.598,41.472,134.784
646.272,300.672,34.56,112.32
649.728,269.568,34.56,112.32
656.64,279.936,34.56,112.32
646.963,261.274,41.472,134.784
646.272,259.2,34.56,112.32
638.669,223.949,41.472,134.784
646.963,248.832,41.472,134.784
642.816,236.39,41.472,134.784
653.184,279.936,34.56,112.32
649.728,269.568,34.56,112.32
638.669,236.39,41.472,134.784
635.904,259.2,34.56,112.32
630.374,273.715,41.472,134.784
628.992,311.04,34.56,112.32
622.08,290.304,34.56,112.32
618.624,279.936,34.56,112.32
605.491,236.39,41.472,134.784
605.491,211.507,41.472,134.784
613.786,211.507,41.472,134.784
607.15,194.089,49.7664,161.741
609.638,174.182,41.472,134.784
597.197,143.327,59.7197,194.089
617.933,174.182,41.472,134.784
617.933,111.974,41.472,134.784
609.141,71.6636,59.7197,194.089
612.127,89.5795,49.7664,161.741
607.15,74.6496,49.7664,161.741
609.638,49.7664,41.472,134.784
602.173,44.7898,49.7664,161.741
579.281,0,59.7197,194.089
597.197,37.3248,41.472,134.784
593.05,0,41.472,134.784
588.902,12.4416,41.472,134.784
584.755,0,41.472,134.784
584.755,0,41.472,134.784
316.8,324,24,78
1040.95,895.795,41.472,134.784
706,210,20,65
627.057,1269.04,49.7664,161.741
627.057,1298.9,49.7664,161.741
637.01,1328.76,49.7664,161.741
69.12,0,28.8,93.6
154,588,20,65
453.6,28.8,24,78
681.8,1358.62,49.7664,161.741
686.776,1343.69,59.7197,194.089
686.776,1361.61,59.7197,194.089
673.638,1332.94,71.6636,232.907
806.4,915.84,28.8,93.6
702,192,20,65
130,582,20,65
579.281,1361.61,59.7197,194.089
540,115.2,24,78
98,480,20,65
544,60,20,65
542.4,64.8,24,78
541.44,51.84,28.8,93.6
588,1188,20,65
580.475,1182.45,71.6636,232.907
559.2,50.4,24,78
587.642,1246.95,71.6636,232.907
134,432,20,65
138,444,20,65
573.12,34.56,28.8,93.6
573.6,21.6,24,78
570.24,17.28,28.8,93.6
568.8,7.2,24,78
597.197,1269.04,49.7664,161.741
602.173,1283.97,49.7664,161.741
617.103,1313.83,49.7664,161.741
826.56,751.68,28.8,93.6
170,486,20,65
178,486,20,65
178,468,20,65
680.804,1307.86,59.7197,194.089
840.96,743.04,28.8,93.6
662.888,1289.95,59.7197,194.089
590,36,20,65
146,414,20,65
142,384,20,65
146,372,20,65
160,378,20,65
164,384,20,65
585.6,0,24,78
590.4,14.4,24,78
590.4,43.2,24,78
712,60,20,65
6.912,103.68,34.56,112.32
572.314,1224.25,49.7664,161.741
734,96,20,65
631.2,108,24,78
605.491,1231.72,41.472,134.784
631.2,136.8,24,78
632,138,20,65
1163.52,432,28.8,93.6
1164,456,20,65
1143.36,432,28.8,93.6
1128,439.2,24,78
1111.68,440.64,28.8,93.6
1096.8,453.6,24,78
1071.36,440.64,28.8,93.6
1068,453.6,24,78
1058.4,460.8,24,78
559.872,0,34.56,112.32
559.872,0,34.56,112.32
556.416,0,34.56,112.32
556.416,10.368,34.56,112.32
556.416,0,34.56,112.32
556.416,10.368,34.56,112.32
556.416,10.368,34.56,112.32
551.578,0,41.472,134.784
559.872,41.472,34.56,112.32
556.416,31.104,34.56,112.32
566.784,62.208,34.56,112.32
566.784,51.84,34.56,112.32
576,69.12,28.8,93.6
590.4,120.96,28.8,93.6
580.608,111.974,41.472,134.784
590.4,112.32,28.8,93.6
596.16,129.6,28.8,93.6
597.888,134.784,34.56,112.32
608.256,155.52,34.56,112.32
616.32,164.16,28.8,93.6
618.624,186.624,34.56,112.32
624.96,216,28.8,93.6
627.84,216,28.8,93.6
630.72,224.64,28.8,93.6
633.6,224.64,28.8,93.6
625.536,207.36,34.56,112.32
630.72,207.36,28.8,93.6
633.6,207.36,28.8,93.6
632.448,217.728,34.56,112.32
639.36,224.64,28.8,93.6
642.24,224.64,28.8,93.6
630.374,199.066,41.472,134.784
639.36,216,28.8,93.6
639.36,233.28,28.8,93.6
636.48,233.28,28.8,93.6
635.904,228.096,34.56,112.32
632.448,196.992,34.56,112.32
636.48,190.08,28.8,93.6
635.904,186.624,34.56,112.32
636.48,172.8,28.8,93.6
633.6,164.16,28.8,93.6
636.48,155.52,28.8,93.6
633.6,138.24,28.8,93.6
628.992,124.416,34.56,112.32
633.6,112.32,28.8,93.6
632.448,114.048,34.56,112.32
635.904,114.048,34.56,112.32
642.24,120.96,28.8,93.6
639.36,95.04,28.8,93.6
645.12,120.96,28.8,93.6
642.24,112.32,28.8,93.6
642.24,112.32,28.8,93.6
642.24,112.32,28.8,93.6
639.36,112.32,28.8,93.6
632.448,93.312,34.56,112.32
633.6,112.32,28.8,93.6
627.84,120.96,28.8,93.6
619.2,103.68,28.8,93.6
610.56,112.32,28.8,93.6
596.16,120.96,28.8,93.6
580.608,134.784,34.56,112.32
570.24,138.24,28.8,93.6
564.48,155.52,28.8,93.6
552.96,138.24,28.8,93.6
544.32,138.24,28.8,93.6
544.32,155.52,28.8,93.6
535.68,138.24,28.8,93.6
532.8,155.52,28.8,93.6
532.8,155.52,28.8,93.6
528.768,145.152,34.56,112.32
532.8,146.88,28.8,93.6
529.92,138.24,28.8,93.6
525.312,134.784,34.56,112.32
527.04,138.24,28.8,93.6
521.28,112.32,28.8,93.6
529.92,138.24,28.8,93.6
525.312,114.048,34.56,112.32
529.92,120.96,28.8,93.6
528.768,114.048,34.56,112.32
529.92,103.68,28.8,93.6
540,122.4,24,78
535.68,120.96,28.8,93.6
532.8,112.32,28.8,93.6
535.68,112.32,28.8,93.6
532.8,103.68,28.8,93.6
532.8,95.04,28.8,93.6
532.8,95.04,28.8,93.6
535.68,86.4,28.8,93.6
541.44,86.4,28.8,93.6
544.32,77.76,28.8,93.6
550.08,77.76,28.8,93.6
550.08,69.12,28.8,93.6
547.2,64.8,24,78
527.04,51.84,28.8,93.6
521.28,34.56,28.8,93.6
540,28.8,24,78
552.96,8.64,28.8,93.6
558.72,0,28.8,93.6
555.84,0,28.8,93.6
550.08,0,28.8,93.6
555.84,8.64,28.8,93.6
550.08,0,28.8,93.6
547.2,0,28.8,93.6
544.32,0,28.8,93.6
549.6,0,24,78
558.72,129.6,28.8,93.6
561.6,120.96,28.8,93.6
1000,870,20,65
1000,858,20,65
590.4,1270.08,28.8,93.6
1048.8,943.2,24,78
460.8,1504.8,24,78
1012,828,20,65
457.92,1494.72,28.8,93.6
457.92,1477.44,28.8,93.6
455.04,1468.8,28.8,93.6
460.8,1460.16,28.8,93.6
1014,774,20,65
472.8,1454.4,24,78
470.4,1454.4,24,78
813.6,799.2,24,78
457.92,1442.88,28.8,93.6
457.92,1451.52,28.8,93.6
1058,906,20,65
988,756,20,65
425.088,1430.78,34.56,112.32
962,738,20,65
568.8,7.2,24,78
561.6,0,24,78
560,0,20,65
930,702,20,65
391.68,1391.04,28.8,93.6
938,708,20,65
391.68,1373.76,28.8,93.6
398.4,1368,24,78
400.32,1356.48,28.8,93.6
922,708,20,65
412.8,1353.6,24,78
1000,930,20,65
412.8,1353.6,24,78
403.2,1339.2,28.8,93.6
400.32,1339.2,28.8,93.6
1003.2,806.4,24,78
403.2,1353.6,24,78
1034,906,20,65
400.8,1353.6,24,78
982,930,20,65
391.2,1353.6,24,78
904.32,587.52,28.8,93.6
702.72,604.8,28.8,93.6
699.84,613.44,28.8,93.6
394.56,1339.2,28.8,93.6
702.72,570.24,28.8,93.6
702.72,561.6,28.8,93.6
708.48,570.24,34.56,112.32
412.8,1332,24,78
406.08,1321.92,28.8,93.6
700.877,584.755,41.472,134.784
914,540,20,65
405.6,1324.8,24,78
405.6,1324.8,24,78
914.4,540,24,78
400.8,1324.8,24,78
912,552,20,65
1032,876,20,65
910,540,20,65
908,540,20,65
874,120,20,65
906,552,20,65
388.8,1313.28,28.8,93.6
388.8,1321.92,28.8,93.6
391.2,1324.8,24,78
724,570,20,65
681.6,489.6,24,78
672,486,20,65
198,1158,20,65
352.512,1254.53,34.56,112.32
367.2,1252.8,24,78
372,1238.4,24,78
374.4,1218.24,28.8,93.6
377.28,1209.6,28.8,93.6
696,456,20,65
696,444,20,65
693.6,453.6,24,78
694,444,20,65
696,432,20,65
691.2,424.8,24,78
690,420,20,65
374.4,1192.32,28.8,93.6
381.6,1195.2,24,78
369.792,1181.95,34.56,112.32
377.28,1175.04,28.8,93.6
986,648,20,65
374.4,1166.4,28.8,93.6
376.8,1180.8,24,78
702,366,20,65
700,360,20,65
368.64,1149.12,28.8,93.6
371.52,1157.76,28.8,93.6
371.52,1140.48,28.8,93.6
366.336,1150.85,34.56,112.32
371.52,1131.84,28.8,93.6
787.2,338.4,24,78
374.4,1114.56,28.8,93.6
700.8,288,24,78
790,294,20,65
373.248,1088.64,34.56,112.32
694.08,250.56,28.8,93.6
696,252,24,78
700.8,237.6,24,78
698.4,223.2,24,78
702,216,20,65
702,198,20,65
703.2,180,24,78
698.4,151.2,24,78
696,129.6,24,78
984,414,20,65
494.208,311.04,34.56,112.32
369.792,922.752,34.56,112.32
380.16,907.2,28.8,93.6
388.8,889.92,28.8,93.6
390.528,881.28,34.56,112.32
403.2,864,28.8,93.6
818.4,21.6,24,78
1022,330,20,65
420,849.6,24,78
1030,318,20,65
423.36,838.08,28.8,93.6
423.36,829.44,28.8,93.6
1028.51,286.157,41.472,134.784
434.88,812.16,28.8,93.6
680.141,1418.34,41.472,134.784
443.52,794.88,28.8,93.6
1054,264,20,65
1056,264,20,65
1056,246,20,65
1056,240,20,65
1060,246,20,65
1058.4,230.4,24,78
1058.4,223.2,24,78
445.824,756.864,34.56,112.32
1060,222,20,65
70,888,20,65
632.448,1358.21,34.56,112.32
446.4,708.48,28.8,93.6
1056,165.6,24,78
449.28,699.84,28.8,93.6
1060.8,144,24,78
1060.8,129.6,24,78
455.04,656.64,28.8,93.6
460.8,656.64,28.8,93.6
1072,126,20,65
1063.2,115.2,24,78
1062,126,20,65
445.824,653.184,34.56,112.32
