478,143,80,111
478,143,80,111
478,140,80,111
478,139,80,111
476,136,80,111
474,135,80,111
474,132,80,111
472,131,80,111
472,130,80,111
470,129,80,111
470,126,80,111
470,127,80,111
468,126,80,111
468,127,80,111
468,124,80,111
468,123,80,111
468,122,80,111
466,123,80,111
464,124,80,111
464,125,80,111
462,126,80,111
460,127,80,111
458,128,80,111
456,129,80,111
452,130,80,111
450,133,80,111
446,136,80,111
442,141,80,111
438,144,80,111
434,149,80,111
432,154,80,111
434,161,80,111
436,164,80,111
438,165,80,111
440,166,80,111
444,167,80,111
446,166,80,111
446,167,80,111
446,166,80,111
446,167,80,111
446,166,80,111
446,167,80,111
446,166,80,111
446,167,80,111
446,166,80,111
446,167,80,111
446,166,80,111
446,167,80,111
446,166,80,111
446,167,80,111
446,166,80,111
446,167,80,111
446,166,80,111
446,167,80,111
446,166,80,111
446,167,80,111
446,166,80,111
446,167,80,111
446,166,80,111
446,167,80,111
446,166,80,111
446,167,80,111
446,166,80,111
446,167,80,111
446,166,80,111
446,167,80,111
446,166,80,111
446,167,80,111
446,166,80,111
446,167,80,111
446,166,80,111
446,167,80,111
446,166,80,111
446,167,80,111
446,166,80,111
446,167,80,111
446,166,80,111
446,167,80,111
446,166,80,111
446,167,80,111
446,166,80,111
446,167,80,111
446,166,80,111
446,167,80,111
446,166,80,111
446,167,80,111
446,166,80,111
446,167,80,111
446,166,80,111
446,167,80,111
446,166,80,111
446,167,80,111
446,166,80,111
446,167,80,111
446,166,80,111
446,167,80,111
446,166,80,111
446,167,80,111
446,166,80,111
446,167,80,111
446,166,80,111
446,167,80,111
446,166,80,111
444,167,80,111
444,166,80,111
442,167,80,111
442,168,80,111
442,171,80,111
Tracking failure detected
Tracking failure detected
Tracking failure detected
Tracking failure detected
Tracking failure detected
Tracking failure detected
Tracking failure detected
Tracking failure detected
Tracking failure detected
444,168,80,111
444,169,80,111
444,170,80,111
444,169,80,111
444,168,80,111
444,167,80,111
444,166,80,111
446,167,80,111
446,166,80,111
446,167,80,111
446,166,80,111
446,167,80,111
446,166,80,111
446,167,80,111
446,166,80,111
446,167,80,111
446,166,80,111
446,167,80,111
446,166,80,111
446,167,80,111
446,166,80,111
446,167,80,111
446,166,80,111
450,167,80,111
456,168,80,111
Tracking failure detected
Tracking failure detected
Tracking failure detected
Tracking failure detected
Tracking failure detected
Tracking failure detected
Tracking failure detected
Tracking failure detected
Tracking failure detected
Tracking failure detected
Tracking failure detected
Tracking failure detected
Tracking failure detected
Tracking failure detected
Tracking failure detected
Tracking failure detected
Tracking failure detected
Tracking failure detected
Tracking failure detected
Tracking failure detected
Tracking failure detected
Tracking failure detected
Tracking failure detected
Tracking failure detected
Tracking failure detected
Tracking failure detected
Tracking failure detected
Tracking failure detected
Tracking failure detected
Tracking failure detected
Tracking failure detected
452,167,80,111
448,166,80,111
446,167,80,111
446,166,80,111
446,167,80,111
446,166,80,111
446,167,80,111
446,166,80,111
446,167,80,111
446,166,80,111
446,167,80,111
446,166,80,111
446,167,80,111
446,166,80,111
446,167,80,111
446,166,80,111
446,167,80,111
446,166,80,111
446,167,80,111
446,166,80,111
446,167,80,111
446,166,80,111
446,167,80,111
446,166,80,111
446,167,80,111
446,166,80,111
446,167,80,111
446,166,80,111
446,167,80,111
446,166,80,111
446,167,80,111
446,166,80,111
446,167,80,111
446,166,80,111
446,167,80,111
446,166,80,111
446,167,80,111
446,166,80,111
446,167,80,111
446,166,80,111
446,167,80,111
446,166,80,111
446,167,80,111
446,166,80,111
446,167,80,111
446,166,80,111
446,167,80,111
446,166,80,111
446,167,80,111
446,166,80,111
446,167,80,111
446,166,80,111
446,167,80,111
446,166,80,111
446,167,80,111
446,166,80,111
446,167,80,111
446,166,80,111
446,167,80,111
446,166,80,111
446,167,80,111
446,166,80,111
446,167,80,111
446,166,80,111
446,167,80,111
446,166,80,111
446,167,80,111
446,166,80,111
446,167,80,111
446,166,80,111
446,167,80,111
446,166,80,111
446,167,80,111
446,166,80,111
446,167,80,111
446,166,80,111
446,167,80,111
446,166,80,111
446,167,80,111
446,166,80,111
446,167,80,111
446,166,80,111
446,167,80,111
446,166,80,111
446,167,80,111
446,166,80,111
446,167,80,111
446,166,80,111
446,167,80,111
446,166,80,111
446,167,80,111
446,166,80,111
446,167,80,111
446,166,80,111
446,167,80,111
446,166,80,111
446,167,80,111
446,166,80,111
446,167,80,111
446,166,80,111
446,167,80,111
446,166,80,111
446,167,80,111
446,166,80,111
446,167,80,111
446,166,80,111
446,167,80,111
446,166,80,111
446,167,80,111
446,166,80,111
446,167,80,111
446,166,80,111
446,167,80,111
446,166,80,111
446,167,80,111
446,166,80,111
446,167,80,111
446,166,80,111
446,167,80,111
446,166,80,111
446,167,80,111
446,166,80,111
446,167,80,111
446,166,80,111
446,167,80,111
446,166,80,111
446,167,80,111
446,166,80,111
446,167,80,111
446,166,80,111
446,167,80,111
446,166,80,111
446,167,80,111
446,166,80,111
446,167,80,111
446,166,80,111
446,167,80,111
446,166,80,111
446,167,80,111
446,166,80,111
446,167,80,111
446,166,80,111
446,167,80,111
446,166,80,111
446,167,80,111
446,166,80,111
446,167,80,111
446,166,80,111
446,167,80,111
446,166,80,111
446,167,80,111
446,166,80,111
446,167,80,111
446,166,80,111
446,167,80,111
446,166,80,111
446,167,80,111
446,166,80,111
446,167,80,111
446,166,80,111
446,167,80,111
446,166,80,111
446,167,80,111
446,166,80,111
446,167,80,111
446,166,80,111
446,167,80,111
446,166,80,111
446,167,80,111
446,166,80,111
446,167,80,111
446,166,80,111
446,167,80,111
446,166,80,111
446,167,80,111
446,166,80,111
446,167,80,111
446,166,80,111
446,167,80,111
446,166,80,111
446,167,80,111
446,166,80,111
446,167,80,111
446,166,80,111
446,167,80,111
446,166,80,111
446,167,80,111
446,168,80,111
446,169,80,111
446,170,80,111
444,171,80,111
444,172,80,111
444,173,80,111
Tracking failure detected
Tracking failure detected
Tracking failure detected
Tracking failure detected
Tracking failure detected
Tracking failure detected
Tracking failure detected
Tracking failure detected
Tracking failure detected
Tracking failure detected
Tracking failure detected
Tracking failure detected
Tracking failure detected
Tracking failure detected
Tracking failure detected
Tracking failure detected
Tracking failure detected
Tracking failure detected
Tracking failure detected
Tracking failure detected
Tracking failure detected
Tracking failure detected
Tracking failure detected
Tracking failure detected
Tracking failure detected
Tracking failure detected
Tracking failure detected
Tracking failure detected
Tracking failure detected
446,172,80,111
446,171,80,111
446,170,80,111
446,171,80,111
446,168,80,111
446,169,80,111
446,168,80,111
446,167,80,111
446,166,80,111
446,167,80,111
446,166,80,111
446,167,80,111
446,166,80,111
446,167,80,111
446,166,80,111
446,167,80,111
446,166,80,111
446,167,80,111
446,166,80,111
446,167,80,111
446,166,80,111
446,167,80,111
446,166,80,111
446,167,80,111
446,166,80,111
446,167,80,111
446,166,80,111
446,167,80,111
446,166,80,111
446,167,80,111
446,166,80,111
446,167,80,111
446,166,80,111
446,167,80,111
446,166,80,111
446,167,80,111
446,166,80,111
446,167,80,111
446,166,80,111
446,167,80,111
446,166,80,111
446,167,80,111
446,166,80,111
446,167,80,111
446,166,80,111
446,167,80,111
446,166,80,111
446,167,80,111
446,166,80,111
446,167,80,111
446,166,80,111
446,167,80,111
446,166,80,111
446,167,80,111
446,166,80,111
446,167,80,111
446,166,80,111
446,167,80,111
446,166,80,111
446,167,80,111
446,166,80,111
446,167,80,111
446,166,80,111
446,167,80,111
446,166,80,111
446,167,80,111
446,166,80,111
446,167,80,111
446,166,80,111
446,167,80,111
446,166,80,111
446,167,80,111
446,166,80,111
446,167,80,111
446,166,80,111
446,167,80,111
446,166,80,111
446,167,80,111
446,166,80,111
446,167,80,111
446,166,80,111
446,167,80,111
446,166,80,111
446,167,80,111
446,166,80,111
446,167,80,111
446,166,80,111
446,167,80,111
446,166,80,111
446,167,80,111
446,166,80,111
446,167,80,111
446,166,80,111
446,167,80,111
446,166,80,111
446,167,80,111
446,166,80,111
446,167,80,111
446,166,80,111
446,167,80,111
446,166,80,111
446,167,80,111
446,166,80,111
446,167,80,111
446,166,80,111
446,167,80,111
446,166,80,111
446,167,80,111
446,166,80,111
446,167,80,111
446,166,80,111
446,167,80,111
446,166,80,111
446,167,80,111
446,166,80,111
446,167,80,111
446,166,80,111
446,167,80,111
446,166,80,111
446,167,80,111
446,166,80,111
446,167,80,111
448,166,80,111
450,167,80,111
452,166,80,111
454,167,80,111
454,168,80,111
454,169,80,111
454,168,80,111
454,169,80,111
456,170,80,111
Tracking failure detected
Tracking failure detected
Tracking failure detected
Tracking failure detected
Tracking failure detected
Tracking failure detected
Tracking failure detected
Tracking failure detected
Tracking failure detected
Tracking failure detected
Tracking failure detected
Tracking failure detected
Tracking failure detected
Tracking failure detected
446,167,80,111
446,166,80,111
446,167,80,111
446,166,80,111
446,167,80,111
446,166,80,111
446,167,80,111
446,166,80,111
446,167,80,111
446,166,80,111
444,167,80,111
442,168,80,111
442,169,80,111
440,168,80,111
440,169,80,111
438,168,80,111
Tracking failure detected
Tracking failure detected
Tracking failure detected
Tracking failure detected
Tracking failure detected
Tracking failure detected
Tracking failure detected
Tracking failure detected
Tracking failure detected
Tracking failure detected
Tracking failure detected
Tracking failure detected
Tracking failure detected
446,169,80,111
446,168,80,111
446,167,80,111
444,166,80,111
444,167,80,111
446,166,80,111
446,167,80,111
446,166,80,111
446,167,80,111
446,166,80,111
446,167,80,111
446,166,80,111
446,167,80,111
446,166,80,111
446,167,80,111
446,166,80,111
446,167,80,111
446,166,80,111
446,167,80,111
446,166,80,111
446,167,80,111
446,166,80,111
446,167,80,111
446,166,80,111
446,167,80,111
446,166,80,111
446,167,80,111
446,166,80,111
446,167,80,111
446,166,80,111
446,167,80,111
446,166,80,111
446,167,80,111
446,166,80,111
446,167,80,111
446,166,80,111
446,167,80,111
446,166,80,111
446,167,80,111
446,166,80,111
446,167,80,111
446,166,80,111
446,167,80,111
446,166,80,111
446,167,80,111
446,166,80,111
446,167,80,111
446,166,80,111
446,167,80,111
446,166,80,111
446,167,80,111
446,166,80,111
446,167,80,111
446,166,80,111
446,167,80,111
446,166,80,111
446,167,80,111
446,166,80,111
446,167,80,111
446,166,80,111
446,167,80,111
446,166,80,111
446,167,80,111
446,166,80,111
446,167,80,111
446,166,80,111
446,167,80,111
446,166,80,111
446,167,80,111
446,166,80,111
446,167,80,111
446,166,80,111
446,167,80,111
446,166,80,111
446,167,80,111
446,166,80,111
446,167,80,111
446,166,80,111
446,167,80,111
446,166,80,111
446,167,80,111
446,166,80,111
446,167,80,111
446,166,80,111
446,167,80,111
446,166,80,111
446,167,80,111
446,166,80,111
446,167,80,111
446,166,80,111
446,167,80,111
446,166,80,111
446,167,80,111
446,166,80,111
446,167,80,111
446,166,80,111
446,167,80,111
446,166,80,111
446,167,80,111
446,166,80,111
446,167,80,111
446,166,80,111
446,167,80,111
446,166,80,111
446,167,80,111
446,166,80,111
446,167,80,111
446,166,80,111
446,167,80,111
446,166,80,111
446,167,80,111
446,166,80,111
446,167,80,111
446,166,80,111
446,167,80,111
446,166,80,111
446,167,80,111
446,166,80,111
446,167,80,111
446,166,80,111
446,167,80,111
446,166,80,111
446,167,80,111
446,166,80,111
446,167,80,111
446,166,80,111
446,167,80,111
446,166,80,111
446,167,80,111
446,166,80,111
446,167,80,111
446,166,80,111
446,167,80,111
446,166,80,111
446,167,80,111
446,166,80,111
446,167,80,111
446,166,80,111
446,167,80,111
446,166,80,111
446,167,80,111
446,166,80,111
446,167,80,111
446,166,80,111
446,167,80,111
446,166,80,111
446,167,80,111
446,166,80,111
446,167,80,111
446,166,80,111
446,167,80,111
446,166,80,111
446,167,80,111
446,166,80,111
446,167,80,111
446,166,80,111
446,167,80,111
446,166,80,111
446,167,80,111
446,166,80,111
446,167,80,111
446,166,80,111
446,167,80,111
446,166,80,111
446,167,80,111
446,166,80,111
446,167,80,111
446,166,80,111
446,167,80,111
446,166,80,111
446,167,80,111
446,166,80,111
446,167,80,111
446,166,80,111
446,167,80,111
446,166,80,111
446,167,80,111
446,166,80,111
446,167,80,111
446,166,80,111
446,167,80,111
446,166,80,111
446,167,80,111
446,166,80,111
446,167,80,111
446,166,80,111
446,167,80,111
446,166,80,111
446,167,80,111
446,166,80,111
446,167,80,111
446,166,80,111
446,167,80,111
446,166,80,111
446,167,80,111
446,166,80,111
446,167,80,111
446,166,80,111
446,167,80,111
446,166,80,111
446,167,80,111
446,166,80,111
446,167,80,111
446,166,80,111
446,167,80,111
446,166,80,111
446,167,80,111
446,166,80,111
446,167,80,111
446,166,80,111
446,167,80,111
446,166,80,111
446,167,80,111
446,166,80,111
446,167,80,111
446,166,80,111
446,167,80,111
446,166,80,111
446,167,80,111
446,166,80,111
446,167,80,111
446,166,80,111
446,167,80,111
446,166,80,111
446,167,80,111
446,166,80,111
446,167,80,111
446,166,80,111
446,167,80,111
446,166,80,111
446,167,80,111
446,166,80,111
446,167,80,111
446,166,80,111
446,167,80,111
446,166,80,111
446,167,80,111
446,166,80,111
446,167,80,111
446,166,80,111
446,167,80,111
446,166,80,111
446,167,80,111
446,166,80,111
446,167,80,111
446,166,80,111
446,167,80,111
446,166,80,111
446,167,80,111
446,166,80,111
446,167,80,111
446,166,80,111
446,167,80,111
446,166,80,111
446,167,80,111
446,166,80,111
448,167,80,111
448,168,80,111
450,169,80,111
450,168,80,111
452,169,80,111
Tracking failure detected
Tracking failure detected
Tracking failure detected
Tracking failure detected
Tracking failure detected
Tracking failure detected
Tracking failure detected
Tracking failure detected
Tracking failure detected
Tracking failure detected
Tracking failure detected
Tracking failure detected
Tracking failure detected
Tracking failure detected
Tracking failure detected
Tracking failure detected
Tracking failure detected
Tracking failure detected
Tracking failure detected
Tracking failure detected
Tracking failure detected
Tracking failure detected
Tracking failure detected
Tracking failure detected
Tracking failure detected
Tracking failure detected
Tracking failure detected
Tracking failure detected
Tracking failure detected
Tracking failure detected
Tracking failure detected
Tracking failure detected
Tracking failure detected
Tracking failure detected
Tracking failure detected
Tracking failure detected
Tracking failure detected
Tracking failure detected
Tracking failure detected
Tracking failure detected
Tracking failure detected
Tracking failure detected
Tracking failure detected
Tracking failure detected
Tracking failure detected
Tracking failure detected
Tracking failure detected
Tracking failure detected
Tracking failure detected
Tracking failure detected
Tracking failure detected
Tracking failure detected
Tracking failure detected
Tracking failure detected
Tracking failure detected
Tracking failure detected
Tracking failure detected
Tracking failure detected
Tracking failure detected
Tracking failure detected
Tracking failure detected
Tracking failure detected
Tracking failure detected
Tracking failure detected
Tracking failure detected
Tracking failure detected
Tracking failure detected
Tracking failure detected
Tracking failure detected
Tracking failure detected
Tracking failure detected
Tracking failure detected
Tracking failure detected
Tracking failure detected
Tracking failure detected
Tracking failure detected
Tracking failure detected
Tracking failure detected
Tracking failure detected
Tracking failure detected
Tracking failure detected
452,170,80,111
452,169,80,111
452,168,80,111
450,167,80,111
448,166,80,111
448,167,80,111
450,166,80,111
452,167,80,111
452,166,80,111
452,165,80,111
452,164,80,111
452,165,80,111
452,166,80,111
452,169,80,111
452,170,80,111
450,173,80,111
450,172,80,111
450,171,80,111
448,168,80,111
448,169,80,111
448,168,80,111
448,169,80,111
448,168,80,111
448,169,80,111
448,168,80,111
448,169,80,111
448,168,80,111
448,169,80,111
448,168,80,111
448,169,80,111
448,168,80,111
448,169,80,111
448,168,80,111
448,169,80,111
448,168,80,111
448,169,80,111
448,168,80,111
448,169,80,111
448,168,80,111
448,169,80,111
448,168,80,111
448,169,80,111
448,168,80,111
448,169,80,111
448,168,80,111
448,169,80,111
448,168,80,111
448,169,80,111
448,168,80,111
448,169,80,111
448,168,80,111
448,169,80,111
448,168,80,111
448,169,80,111
448,168,80,111
448,169,80,111
448,168,80,111
448,169,80,111
448,168,80,111
448,169,80,111
448,168,80,111
448,169,80,111
448,168,80,111
448,169,80,111
448,168,80,111
448,169,80,111
448,168,80,111
448,169,80,111
448,168,80,111
448,169,80,111
448,168,80,111
448,169,80,111
448,168,80,111
448,169,80,111
448,168,80,111
448,169,80,111
448,168,80,111
448,169,80,111
448,168,80,111
448,169,80,111
448,168,80,111
448,169,80,111
448,168,80,111
448,169,80,111
448,168,80,111
448,169,80,111
448,168,80,111
448,169,80,111
448,168,80,111
448,169,80,111
448,168,80,111
448,169,80,111
448,168,80,111
448,169,80,111
448,168,80,111
448,169,80,111
448,168,80,111
448,169,80,111
448,168,80,111
448,169,80,111
448,168,80,111
448,169,80,111
448,168,80,111
448,169,80,111
448,168,80,111
448,169,80,111
448,168,80,111
448,169,80,111
448,168,80,111
448,169,80,111
448,168,80,111
448,169,80,111
448,168,80,111
448,169,80,111
448,168,80,111
448,169,80,111
448,168,80,111
448,169,80,111
448,168,80,111
448,169,80,111
448,168,80,111
448,169,80,111
448,168,80,111
448,169,80,111
448,168,80,111
448,169,80,111
448,168,80,111
448,169,80,111
448,168,80,111
448,169,80,111
448,168,80,111
448,169,80,111
448,168,80,111
448,169,80,111
448,168,80,111
448,169,80,111
448,168,80,111
448,169,80,111
448,168,80,111
448,169,80,111
448,168,80,111
448,169,80,111
448,168,80,111
448,169,80,111
448,168,80,111
448,169,80,111
448,168,80,111
448,169,80,111
448,168,80,111
448,169,80,111
448,168,80,111
448,169,80,111
448,168,80,111
448,169,80,111
448,168,80,111
448,169,80,111
448,168,80,111
448,169,80,111
448,168,80,111
448,169,80,111
448,168,80,111
448,169,80,111
448,168,80,111
448,169,80,111
448,168,80,111
448,169,80,111
448,168,80,111
448,169,80,111
448,168,80,111
448,169,80,111
448,168,80,111
448,169,80,111
448,168,80,111
448,169,80,111
448,168,80,111
448,169,80,111
448,168,80,111
448,169,80,111
448,168,80,111
448,169,80,111
448,168,80,111
448,169,80,111
448,168,80,111
448,169,80,111
448,168,80,111
448,169,80,111
448,168,80,111
448,169,80,111
448,168,80,111
448,169,80,111
448,168,80,111
448,169,80,111
448,168,80,111
448,169,80,111
448,168,80,111
448,169,80,111
448,168,80,111
450,169,80,111
450,168,80,111
452,169,80,111
452,168,80,111
452,169,80,111
452,168,80,111
452,169,80,111
452,168,80,111
452,169,80,111
452,168,80,111
450,169,80,111
450,168,80,111
450,169,80,111
450,168,80,111
450,169,80,111
450,168,80,111
450,169,80,111
452,168,80,111
452,169,80,111
452,170,80,111
454,171,80,111
456,170,80,111
458,173,80,111
460,174,80,111
462,175,80,111
464,178,80,111
466,181,80,111
Tracking failure detected
Tracking failure detected
Tracking failure detected
Tracking failure detected
Tracking failure detected
Tracking failure detected
Tracking failure detected
Tracking failure detected
Tracking failure detected
Tracking failure detected
458,168,80,111
456,167,80,111
454,168,80,111
454,169,80,111
452,168,80,111
452,169,80,111
452,168,80,111
452,169,80,111
452,168,80,111
452,169,80,111
452,168,80,111
452,169,80,111
452,168,80,111
452,169,80,111
452,168,80,111
452,169,80,111
