478,143,80,111
490.179,137.594,85.9963,116.095
488.526,134.876,86.4107,116.654
481.579,120.395,85.9963,116.095
479.493,117.928,86.5585,116.854
472.98,128.995,85.9963,116.095
464.38,137.594,85.9963,116.095
462.426,136.185,86.4444,116.7
460.863,134.569,87.1057,117.593
459.174,132.434,87.9322,118.709
457.919,131.116,88.728,119.783
456.954,130.181,89.3748,120.656
456.125,129.786,89.7598,121.176
455.059,129.545,90.0251,121.534
454.017,128.183,90.7692,122.538
464.38,85.9963,85.9963,116.095
463.4,85.5962,86.2784,116.476
461.621,85.6996,87.1426,117.643
459.576,86.1039,88.0967,118.931
457.635,86.4485,89.03,120.191
455.429,86.2631,89.9217,121.394
453,85.8376,90.762,122.529
449.507,85.9256,91.9938,124.192
445.695,86.001,93.1923,125.81
441.477,86.4659,94.4284,127.478
435.491,86.9321,97.1183,131.11
443.741,82.5565,103.196,139.314
455.781,120.395,85.9963,116.095
504,169.92,28.8,38.88
504,169.92,28.8,38.88
460.8,236.16,28.8,38.88
443.75,228.096,41.472,55.9872
455.781,128.995,85.9963,116.095
455.781,128.995,85.9963,116.095
455.781,137.594,85.9963,116.095
455.781,137.594,85.9963,116.095
455.781,137.594,85.9963,116.095
455.781,137.594,85.9963,116.095
455.834,137.662,85.8487,115.896
455.895,137.67,85.8501,115.898
329.653,171.993,71.6636,96.7459
472.98,121.828,71.6636,96.7459
472.98,121.828,71.6636,96.7459
473.091,121.923,71.4951,96.5184
473.082,121.94,71.5174,96.5485
473.151,121.996,71.4067,96.3991
473.154,122.042,71.3743,96.3553
455.781,137.594,85.9963,116.095
455.836,137.671,85.8782,115.936
455.75,137.634,85.9017,115.967
455.77,137.638,85.9068,115.974
455.781,137.594,85.9963,116.095
455.781,137.594,85.9963,116.095
455.781,137.594,85.9963,116.095
455.792,137.702,85.836,115.879
455.819,137.689,85.827,115.866
455.815,137.728,85.7404,115.75
455.9,137.815,85.7094,115.708
455.867,137.76,85.7607,115.777
455.871,137.785,85.7538,115.768
455.859,137.832,85.6947,115.688
455.838,137.841,85.686,115.676
455.815,137.83,85.7152,115.716
455.761,137.746,85.8654,115.918
455.781,137.725,85.8951,115.958
455.769,137.72,85.9096,115.978
455.827,137.758,85.806,115.838
455.835,137.782,85.7807,115.804
455.823,137.791,85.7773,115.799
299.267,30.9587,103.196,139.314
299.528,31.2641,102.637,138.559
300.864,32.0839,101.038,136.401
301.599,32.7969,99.8416,134.786
302.6,34.1881,97.9711,132.261
306.56,35.7418,96.0349,129.647
455.781,137.594,85.9963,116.095
455.834,137.644,85.9587,116.044
455.862,137.592,86.0275,116.137
455.781,137.594,85.9963,116.095
455.744,137.628,85.9457,116.027
472.98,121.828,71.6636,96.7459
473.026,121.8,71.6594,96.7403
369.784,51.5978,85.9963,116.095
378.792,51.6473,85.9446,116.025
455.781,128.995,85.9963,116.095
455.742,128.995,85.9491,116.031
455.675,128.996,86.0093,116.113
472.98,121.828,71.6636,96.7459
472.905,121.645,71.878,97.0353
483.729,167.215,59.7197,80.6216
483.729,167.215,59.7197,80.6216
474.7,123.835,103.196,139.314
477.757,167.215,59.7197,80.6216
478.062,167.676,59.1746,79.8857
455.781,128.995,85.9963,116.095
537.477,71.6636,71.6636,96.7459
465.814,150.494,71.6636,96.7459
465.791,150.448,71.8615,97.013
465.847,150.475,71.8664,97.0196
551.81,64.4973,71.6636,96.7459
551.935,64.6271,71.4298,96.4303
555.393,83.6076,59.7197,80.6216
533.177,85.9963,85.9963,116.095
528.133,88.2387,87.7344,118.441
495.339,72.2369,103.196,139.314
488.385,74.961,104.449,141.007
519.561,107.495,59.7197,80.6216
501.645,107.495,71.6636,96.7459
494.479,114.662,71.6636,96.7459
485.416,117.359,72.6197,98.0366
477.085,119.297,73.339,99.0076
480.146,107.495,71.6636,96.7459
464.38,103.196,85.9963,116.095
463.055,102.112,88.1572,119.012
464.38,111.795,85.9963,116.095
443.741,103.196,103.196,139.314
473.472,238.464,34.56,46.656
472.98,121.828,71.6636,96.7459
472.955,121.857,71.6625,96.7444
472.916,121.824,71.7357,96.8433
472.999,121.937,71.5342,96.5711
473.006,121.992,71.418,96.4143
473.004,121.923,71.4815,96.5
455.781,137.594,85.9963,116.095
455.781,137.594,85.9963,116.095
455.793,137.674,85.882,115.941
455.781,137.594,85.9963,116.095
455.838,137.618,85.9573,116.042
455.883,137.67,85.9085,115.977
455.914,137.682,85.8882,115.949
455.781,128.995,85.9963,116.095
472.98,121.828,71.6636,96.7459
472.98,121.828,71.6636,96.7459
455.781,137.594,85.9963,116.095
455.781,137.594,85.9963,116.095
472.98,121.828,71.6636,96.7459
472.98,121.828,71.6636,96.7459
473,121.802,71.6955,96.7889
473.037,121.909,71.5333,96.5699
473.069,121.893,71.5378,96.5761
473.102,121.91,71.5556,96.6001
473.048,121.854,71.6589,96.7395
473.073,121.854,71.5769,96.6288
483.729,137.355,59.7197,80.6216
483.784,137.527,59.4929,80.3155
443.741,185.752,103.196,139.314
454.061,196.072,103.196,139.314
433.422,185.752,123.835,167.177
92.876,92.876,103.196,139.314
92.7981,92.7795,103.345,139.516
472.98,121.828,71.6636,96.7459
473.06,121.948,71.4886,96.5096
92.876,92.876,103.196,139.314
401.225,178.322,148.602,200.612
433.422,173.369,123.835,167.177
421.038,173.369,123.835,167.177
454.061,196.072,103.196,139.314
452.559,195.821,103.906,140.274
454.061,175.433,103.196,139.314
443.741,175.433,103.196,139.314
444.401,172.923,102.782,138.755
433.422,160.985,123.835,167.177
454.061,175.433,103.196,139.314
454.061,175.433,103.196,139.314
453.02,174.578,104.31,140.818
454.061,175.433,103.196,139.314
454.061,175.433,103.196,139.314
433.422,148.602,123.835,167.177
428.686,146.952,124.853,168.552
421.041,144.285,127.245,171.781
443.741,165.113,103.196,139.314
433.422,216.711,103.196,139.314
420.255,214.247,106.809,144.192
480.146,150.494,71.6636,96.7459
455.781,137.594,85.9963,116.095
455.765,137.589,85.989,116.085
82.5565,92.876,103.196,139.314
472.98,121.828,71.6636,96.7459
210,68,20,27
209.755,67.7846,20.3316,27.4476
190,68,20,27
190.049,68.0465,19.8641,26.8166
190.282,68.399,19.3423,26.1121
455.781,137.594,85.9963,116.095
455.781,137.594,85.9963,116.095
455.781,137.594,85.9963,116.095
455.781,137.594,85.9963,116.095
455.76,137.612,85.9595,116.045
455.673,137.61,85.9779,116.07
455.743,137.625,85.9744,116.065
455.748,137.655,85.9243,115.998
455.781,137.594,85.9963,116.095
455.781,137.594,85.9963,116.095
455.781,137.594,85.9963,116.095
455.771,137.531,86.1084,116.246
472.98,121.828,71.6636,96.7459
472.98,121.828,71.6636,96.7459
472.995,121.889,71.5652,96.613
473.158,121.939,71.4296,96.43
473.206,122.027,71.327,96.2914
455.781,137.594,85.9963,116.095
455.781,137.594,85.9963,116.095
455.808,137.637,85.9244,115.998
455.811,137.653,85.9434,116.024
455.78,137.583,86.0034,116.105
455.781,137.594,85.9963,116.095
455.787,137.646,85.9174,115.988
455.841,137.716,85.8322,115.874
455.863,137.742,85.7936,115.821
455.781,137.594,85.9963,116.095
455.781,137.594,85.9963,116.095
455.781,137.594,85.9963,116.095
455.781,137.594,85.9963,116.095
455.781,137.594,85.9963,116.095
455.804,137.614,85.9553,116.04
111.451,49.5339,123.835,167.177
210,68,20,27
210,68,20,27
455.781,137.594,85.9963,116.095
455.781,137.594,85.9963,116.095
455.802,137.654,85.9307,116.006
472.98,121.828,71.6636,96.7459
455.781,137.594,85.9963,116.095
455.74,137.56,86.0482,116.165
472.98,121.828,71.6636,96.7459
455.781,137.594,85.9963,116.095
455.766,137.596,85.999,116.099
455.733,137.591,85.9671,116.056
268,104,20,27
188,68,20,27
188,68,20,27
188,68,20,27
188,68,20,27
190,68,20,27
210,68,20,27
210,68,20,27
210.41,68.1969,19.8392,26.7829
210,68,20,27
210,68,20,27
210,68,20,27
209.923,68.0026,20.0136,27.0184
210,68,20,27
210.008,67.9747,20.0329,27.0444
209.983,67.9923,20.0303,27.0409
210,68,20,27
210,68,20,27
210,68,20,27
209.907,67.9151,20.1381,27.1864
209.953,67.8906,20.1502,27.2028
210.04,67.9634,20.0591,27.0799
210,68,20,27
210,68,20,27
210,68,20,27
210.015,67.9257,20.125,27.1687
209.99,67.819,20.2501,27.3377
209.969,67.81,20.257,27.3469
209.985,67.8293,20.2038,27.2751
209.979,67.8613,20.1592,27.2149
209.939,67.7732,20.2741,27.37
210.001,67.8117,20.2325,27.3139
210.078,67.8933,20.1307,27.1764
210.065,67.8513,20.1867,27.2521
210.054,67.814,20.2299,27.3103
210,68,20,27
209.945,67.9423,20.0908,27.1226
455.781,137.594,85.9963,116.095
455.781,137.594,85.9963,116.095
455.781,137.594,85.9963,116.095
455.781,137.594,85.9963,116.095
210,68,20,27
210,68,20,27
210,68,20,27
206.4,67.2,24,32.4
210,68,20,27
209.983,67.9717,20.0545,27.0736
209.942,67.9726,20.0677,27.0914
209.885,67.9031,20.1739,27.2347
209.899,67.9381,20.1059,27.143
209.934,67.9302,20.1339,27.1807
209.876,67.9033,20.1902,27.2567
209.883,67.9391,20.1537,27.2075
209.91,67.9244,20.1285,27.1735
209.93,67.9557,20.1049,27.1416
210,68,20,27
209.875,67.9105,20.1573,27.2124
209.857,67.9287,20.1921,27.2594
209.757,67.7026,20.509,27.6871
209.785,67.695,20.4948,27.668
209.783,67.7674,20.4177,27.5639
209.806,67.8175,20.3581,27.4834
209.798,67.762,20.4087,27.5518
208,68,20,27
210,68,20,27
208,68,20,27
207.98,67.9562,20.082,27.1106
207.948,67.8858,20.1493,27.2016
208.011,67.9394,20.0882,27.1191
207.931,67.9022,20.1443,27.1948
207.881,67.8594,20.229,27.3091
207.87,67.8858,20.1606,27.2168
207.871,67.9167,20.1509,27.2037
207.834,67.86,20.2632,27.3554
207.862,67.8902,20.2069,27.2793
207.873,67.8655,20.2418,27.3264
207.866,67.8571,20.2893,27.3906
207.953,67.9537,20.1431,27.1931
210,68,20,27
208,68,20,27
207.996,67.9637,20.0491,27.0662
207.937,67.8539,20.1984,27.2679
207.94,67.916,20.1057,27.1427
207.868,67.8578,20.208,27.2808
207.87,67.8428,20.2287,27.3087
207.825,67.7619,20.354,27.4779
207.762,67.7209,20.4552,27.6145
207.794,67.7062,20.4666,27.6299
207.871,67.7753,20.3341,27.451
207.888,67.8208,20.274,27.3698
207.892,67.7776,20.3193,27.4311
207.939,67.7913,20.2915,27.3936
207.918,67.7886,20.3169,27.4277
159.252,19.9066,49.7664,67.1846
159.117,19.7443,49.9844,67.4789
159.082,19.6634,50.1013,67.6367
159.246,19.7649,49.932,67.4083
159.245,19.7437,50.0063,67.5085
159.112,19.6576,50.0976,67.6318
159.138,19.7068,50.0418,67.5564
159.138,19.6591,50.0844,67.6139
159.1,19.6433,50.1756,67.737
159.262,19.7869,49.9413,67.4208
159.309,19.7372,50.0371,67.55
159.149,19.5709,50.2758,67.8724
159.338,19.8147,49.9577,67.4429
208,68,20,27
207.931,67.9506,20.0522,27.0705
210,68,20,27
210,68,20,27
209.978,68.0037,19.9854,26.9804
209.931,67.964,20.085,27.1148
209.937,67.9742,20.0539,27.0728
210,68,20,27
209.989,67.9861,20.007,27.0094
210,68,20,27
209.987,67.9881,19.9761,26.9678
210.07,68.068,19.861,26.8123
210.056,68.0662,19.8575,26.8076
210,68,20,27
210,68,20,27
209.812,67.8019,20.2985,27.403
209.822,67.8416,20.2541,27.3431
209.857,67.8841,20.1856,27.2505
209.765,67.7583,20.3964,27.5352
209.786,67.7444,20.4147,27.5598
209.719,67.7492,20.4384,27.5918
209.846,67.8517,20.2592,27.35
209.844,67.833,20.2742,27.3702
212,70,20,27
208,68,20,27
207.908,67.9126,20.1547,27.2088
208,68,20,27
208,68,20,27
206.4,67.2,24,32.4
210,68,20,27
209.96,67.9416,20.09,27.1215
209.97,67.8873,20.1659,27.224
209.915,67.9231,20.1408,27.19
210,68,20,27
208,68,20,27
208,68,20,27
208,68,20,27
159.252,19.9066,49.7664,67.1846
159.182,19.8452,49.8984,67.3628
159.252,19.9066,49.7664,67.1846
159.252,19.9066,49.7664,67.1846
159.256,19.8284,49.8699,67.3244
159.252,19.9066,49.7664,67.1846
159.221,19.7985,49.9238,67.3972
159.301,19.9258,49.7682,67.1871
159.24,19.825,49.9009,67.3662
159.256,19.8023,49.9123,67.3816
206.4,67.2,24,32.4
206.4,67.2,24,32.4
206.368,67.1826,24.0534,32.4721
210,68,20,27
209.952,67.9434,20.0727,27.0981
209.926,67.9162,20.1292,27.1744
209.96,67.9699,20.0211,27.0284
209.952,67.9429,20.0504,27.068
209.89,67.8734,20.2089,27.282
209.871,67.8962,20.1866,27.2519
210,67.9747,20.0665,27.0898
209.952,67.9502,20.0886,27.1196
209.861,67.788,20.3237,27.437
209.864,67.8115,20.2701,27.3647
209.865,67.8067,20.2737,27.3695
209.805,67.7955,20.3046,27.4112
209.784,67.7735,20.3475,27.4691
209.736,67.7266,20.4029,27.5439
208,68,20,27
210,68,20,27
210.055,68.044,19.9319,26.908
210.01,68.0163,19.9819,26.9756
210.03,68.0611,19.9313,26.9073
206.4,67.2,24,32.4
206.374,67.1987,24.0835,32.5127
206.377,67.2087,24.0928,32.5252
206.4,67.2,24,32.4
210,68,20,27
206.4,67.2,24,32.4
206.4,67.2,24,32.4
210,68,20,27
209.9,67.9449,20.0793,27.1071
209.846,67.8844,20.192,27.2592
209.86,67.8683,20.2155,27.2909
209.841,67.7989,20.3219,27.4346
209.867,67.8411,20.24,27.3239
209.867,67.7988,20.334,27.4509
209.841,67.7645,20.387,27.5225
209.82,67.7802,20.3639,27.4912
209.862,67.8431,20.2392,27.3229
210,68,20,27
209.988,67.9962,19.9914,26.9883
209.929,67.9277,20.0881,27.119
209.888,67.8435,20.219,27.2956
209.894,67.8385,20.2408,27.325
209.862,67.8302,20.2432,27.3284
209.879,67.8232,20.2609,27.3523
209.945,67.9116,20.1209,27.1632
209.952,67.9501,20.062,27.0838
209.94,67.9135,20.1105,27.1492
209.894,67.9398,20.0976,27.1317
209.903,67.9594,20.0793,27.1071
209.868,67.9254,20.1503,27.2029
209.872,67.996,20.0694,27.0937
209.833,67.9599,20.1636,27.2208
209.895,67.9747,20.1084,27.1463
210,68,20,27
210,68,20,27
210,68,20,27
210,68,20,27
209.822,67.8708,20.3081,27.416
209.727,67.7571,20.4651,27.6279
209.543,67.5549,20.7777,28.0499
188,68,20,27
188,68,20,27
188,68,20,27
188,68,20,27
188,68,20,27
82.5565,92.876,103.196,139.314
472.98,121.828,71.6636,96.7459
472.98,121.828,71.6636,96.7459
82.5565,92.876,103.196,139.314
82.5622,92.831,103.21,139.333
159.252,19.9066,49.7664,67.1846
159.041,19.8773,49.8122,67.2465
159.039,19.8212,49.9122,67.3815
188,68,20,27
187.948,68.0211,19.9457,26.9267
188.068,67.9723,20.0261,27.0352
190,68,20,27
190,68,20,27
159.252,19.9066,49.7664,67.1846
159.252,19.9066,49.7664,67.1846
159.252,19.9066,49.7664,67.1846
159.252,19.9066,49.7664,67.1846
159.227,19.9482,49.6929,67.0854
159.305,19.9713,49.6042,66.9656
190,68,20,27
190,68,20,27
82.5565,92.876,103.196,139.314
82.5565,92.876,103.196,139.314
82.5565,92.876,103.196,139.314
210,68,20,27
210,68,20,27
210.149,68.0857,19.8342,26.7762
210,68,20,27
210,68,20,27
210.184,67.9656,20.0565,27.0762
210,68,20,27
210.042,67.9605,20.0511,27.069
210,68,20,27
210.024,67.8761,20.1286,27.1736
209.853,67.6055,20.5629,27.76
209.822,67.5493,20.652,27.8802
210,68,20,27
455.781,128.995,85.9963,116.095
455.781,128.995,85.9963,116.095
455.781,128.995,85.9963,116.095
186,68,20,27
159.252,19.9066,49.7664,67.1846
159.352,19.8986,49.7558,67.1703
159.252,19.9066,49.7664,67.1846
159.342,19.9166,49.7699,67.1894
159.252,19.9066,49.7664,67.1846
159.338,19.9378,49.7309,67.1367
159.252,19.9066,49.7664,67.1846
159.252,19.9066,49.7664,67.1846
159.252,19.9066,49.7664,67.1846
159.252,19.9066,49.7664,67.1846
159.252,19.9066,49.7664,67.1846
159.252,19.9066,49.7664,67.1846
159.168,19.8197,49.8995,67.3643
74.3008,86.6843,123.835,167.177
74.3116,86.6671,123.812,167.147
74.246,86.5893,123.894,167.257
74.3008,86.6843,123.835,167.177
74.3008,86.6843,123.835,167.177
74.3197,86.6929,123.839,167.183
74.3008,86.6843,123.835,167.177
74.3008,86.6843,123.835,167.177
74.3171,86.7507,123.765,167.083
74.2913,86.6836,123.825,167.163
74.3008,86.6843,123.835,167.177
74.2293,86.5422,124.004,167.405
74.2252,86.5238,124.003,167.404
74.2021,86.5203,124.038,167.451
74.3008,86.6843,123.835,167.177
74.3008,86.6843,123.835,167.177
74.3008,86.6843,123.835,167.177
74.3149,86.6669,123.834,167.176
74.3586,86.7257,123.757,167.072
74.3853,86.7915,123.692,166.985
74.4668,86.8638,123.611,166.874
74.4852,86.8975,123.581,166.834
74.4794,86.8949,123.532,166.768
74.5397,86.9749,123.408,166.601
74.5211,86.9494,123.419,166.616
74.5394,86.9947,123.369,166.548
74.4916,86.933,123.434,166.636
74.5269,87.0199,123.306,166.463
74.4459,86.9359,123.465,166.678
74.4988,86.9763,123.358,166.533
74.4492,86.9488,123.425,166.624
74.3948,86.891,123.517,166.749
74.3947,86.8912,123.494,166.716
74.3008,86.6843,123.835,167.177
74.3394,86.7115,123.82,167.156
74.3511,86.7324,123.801,167.131
74.3395,86.7272,123.804,167.135
74.4472,86.8413,123.692,166.984
74.4607,86.873,123.595,166.853
74.4992,86.8354,123.573,166.824
74.4651,86.8223,123.609,166.873
74.4816,86.8351,123.588,166.844
74.4891,86.8224,123.621,166.888
74.5252,86.8509,123.566,166.815
74.5301,86.8584,123.556,166.8
74.534,86.8855,123.54,166.778
74.4548,86.8071,123.669,166.953
74.4052,86.7469,123.724,167.027
74.3941,86.6784,123.839,167.183
74.3452,86.6358,123.934,167.31
74.406,86.6341,123.915,167.285
74.336,86.5161,124.052,167.47
74.3401,86.4606,124.084,167.513
74.2998,86.4306,124.112,167.551
74.3066,86.4448,124.107,167.545
74.2583,86.4304,124.17,167.629
74.2302,86.4205,124.18,167.644
433.422,123.835,123.835,167.177
74.3008,86.6843,123.835,167.177
74.3008,86.6843,123.835,167.177
74.3008,86.6843,123.835,167.177
74.31,86.6363,123.887,167.248
74.3253,86.6146,123.826,167.165
74.3047,86.6193,123.833,167.175
74.3006,86.5608,123.914,167.284
74.3262,86.6081,123.846,167.193
74.3008,86.6843,123.835,167.177
74.3001,86.6743,123.869,167.223
74.2812,86.6188,123.914,167.284
74.3008,86.6843,123.835,167.177
74.3008,86.6843,123.835,167.177
74.3008,86.6843,123.835,167.177
74.2704,86.6274,123.893,167.255
74.2674,86.6363,123.935,167.312
210,68,20,27
210,68,20,27
206.4,67.2,24,32.4
74.3008,86.6843,123.835,167.177
74.3008,86.6843,123.835,167.177
74.3008,86.6843,123.835,167.177
74.3008,86.6843,123.835,167.177
74.3294,86.6784,123.847,167.194
74.3689,86.7315,123.773,167.094
74.4145,86.8236,123.638,166.912
74.4541,86.8588,123.564,166.812
74.4434,86.9373,123.559,166.804
74.4878,87.0371,123.441,166.645
74.5377,87.0581,123.382,166.566
74.62,87.1032,123.287,166.438
86.6843,86.6843,123.835,167.177
86.6547,86.6632,123.833,167.174
86.6843,86.6843,123.835,167.177
86.7436,86.7325,123.773,167.093
208,68,20,27
207.822,67.779,20.3613,27.4877
207.818,67.8233,20.3388,27.4574
206.4,67.2,24,32.4
74.3008,86.6843,123.835,167.177
74.3693,86.677,123.77,167.089
74.3334,86.6376,123.757,167.072
74.3856,86.7312,123.663,166.945
74.3008,86.6843,123.835,167.177
74.3017,86.685,123.845,167.191
74.2932,86.6381,123.877,167.234
74.3008,86.6843,123.835,167.177
74.3213,86.6932,123.826,167.165
74.3087,86.692,123.812,167.146
74.3449,86.6912,123.786,167.111
74.3392,86.6232,123.848,167.194
74.2834,86.5771,123.908,167.276
74.3059,86.605,123.865,167.218
74.3377,86.6208,123.859,167.209
74.3771,86.6714,123.796,167.124
74.3027,86.5845,123.897,167.261
74.3192,86.6066,123.872,167.228
74.3249,86.6516,123.822,167.16
74.4034,86.7787,123.683,166.973
74.4076,86.7432,123.746,167.058
74.3362,86.7022,123.837,167.18
74.311,86.6261,123.924,167.297
74.3504,86.6651,123.853,167.201
74.3459,86.6666,123.868,167.222
74.3307,86.6125,123.868,167.222
74.28,86.5499,123.932,167.308
74.3005,86.5651,123.892,167.254
74.3008,86.6843,123.835,167.177
74.3008,86.6843,123.835,167.177
74.3008,86.6843,123.835,167.177
74.3008,86.6843,123.835,167.177
74.322,86.6818,123.861,167.213
74.2689,86.6129,123.955,167.34
74.3008,86.6843,123.835,167.177
74.2909,86.6253,123.896,167.26
74.281,86.6145,123.936,167.313
74.3309,86.6817,123.845,167.19
74.3024,86.6684,123.918,167.289
74.245,86.59,124.027,167.437
74.2364,86.5955,124.023,167.432
74.1864,86.5071,124.128,167.573
74.3014,86.6674,123.916,167.287
74.2659,86.646,123.966,167.354
74.1511,86.5275,124.151,167.604
74.1284,86.501,124.148,167.6
74.3008,86.6843,123.835,167.177
74.3595,86.7269,123.734,167.041
74.3008,86.6843,123.835,167.177
74.2886,86.6775,123.838,167.181
74.3008,86.6843,123.835,167.177
74.2817,86.6115,123.88,167.238
74.2963,86.6695,123.857,167.207
74.3093,86.707,123.84,167.184
74.2664,86.6612,123.902,167.267
74.2026,86.627,124.011,167.415
74.1434,86.5521,124.103,167.539
74.1731,86.6175,124.027,167.436
74.1692,86.5679,124.06,167.481
74.3008,86.6843,123.835,167.177
74.3308,86.6788,123.817,167.153
74.3697,86.7305,123.782,167.105
74.3314,86.7141,123.816,167.151
74.3497,86.7356,123.795,167.123
74.3177,86.6646,123.887,167.247
74.3908,86.7476,123.789,167.115
74.3787,86.7748,123.786,167.111
74.3414,86.7254,123.889,167.25
74.3026,86.714,123.923,167.296
74.2701,86.6158,124.047,167.463
74.3311,86.6956,123.92,167.292
74.3008,86.6843,123.835,167.177
74.2742,86.6465,123.831,167.172
74.31,86.7285,123.716,167.017
74.2504,86.6165,123.805,167.137
74.3008,86.6843,123.835,167.177
74.3008,86.6843,123.835,167.177
74.2925,86.6636,123.879,167.236
74.3008,86.6843,123.835,167.177
74.2862,86.6187,123.882,167.24
74.3008,86.6843,123.835,167.177
74.3604,86.7401,123.734,167.041
74.3751,86.7564,123.726,167.03
74.3008,86.6843,123.835,167.177
74.2956,86.6683,123.832,167.173
74.2951,86.6733,123.844,167.189
74.3008,86.6843,123.835,167.177
74.3008,86.6843,123.835,167.177
74.3008,86.6843,123.835,167.177
74.3008,86.6843,123.835,167.177
74.2465,86.6161,123.898,167.263
74.2551,86.5679,123.94,167.319
74.3008,86.6843,123.835,167.177
74.3008,86.6843,123.835,167.177
74.2929,86.5996,123.88,167.239
74.3289,86.6944,123.763,167.08
74.3008,86.6843,123.835,167.177
74.2908,86.6745,123.847,167.193
74.3265,86.7234,123.795,167.123
74.3723,86.7431,123.791,167.118
74.3008,86.6843,123.835,167.177
74.3008,86.6843,123.835,167.177
74.3027,86.6564,123.864,167.217
74.3008,86.6843,123.835,167.177
74.3008,86.6843,123.835,167.177
74.2884,86.6746,123.882,167.241
74.3008,86.6843,123.835,167.177
74.3231,86.6902,123.801,167.131
74.3008,86.6843,123.835,167.177
74.3008,86.6843,123.835,167.177
74.3008,86.6843,123.835,167.177
74.3372,86.7269,123.788,167.114
74.3008,86.6843,123.835,167.177
74.3008,86.6843,123.835,167.177
74.3393,86.7186,123.777,167.099
74.2434,86.6295,123.887,167.247
74.3008,86.6843,123.835,167.177
74.3008,86.6843,123.835,167.177
74.3288,86.6644,123.811,167.145
74.3683,86.6435,123.793,167.12
74.37,86.662,123.791,167.118
74.3008,86.6843,123.835,167.177
74.3008,86.6843,123.835,167.177
74.3029,86.696,123.808,167.14
74.2684,86.5975,123.891,167.252
74.2755,86.6123,123.885,167.244
74.3008,86.6843,123.835,167.177
74.3001,86.6173,123.913,167.282
74.2272,86.5228,124.035,167.447
74.1876,86.4908,124.116,167.557
74.2146,86.5199,124.051,167.469
74.1638,86.4856,124.122,167.564
74.1471,86.4619,124.164,167.622
74.2593,86.609,124.026,167.436
74.2293,86.5555,124.062,167.484
74.2935,86.6061,123.987,167.383
74.3008,86.6843,123.835,167.177
74.3008,86.6843,123.835,167.177
74.3817,86.7176,123.765,167.083
74.3346,86.6623,123.788,167.113
74.3008,86.6843,123.835,167.177
74.2929,86.6519,123.868,167.222
74.2682,86.6259,123.913,167.282
74.3012,86.6788,123.858,167.209
74.3008,86.6843,123.835,167.177
74.3061,86.6798,123.843,167.188
74.3008,86.6843,123.835,167.177
74.2744,86.6369,123.897,167.261
74.2848,86.6034,123.94,167.319
74.3154,86.7223,123.843,167.188
74.2131,86.5523,124.075,167.502
74.3008,86.6843,123.835,167.177
74.3008,86.6843,123.835,167.177
74.3462,86.7101,123.758,167.073
74.3301,86.6123,123.867,167.22
74.3091,86.6238,123.874,167.231
74.2858,86.5674,123.942,167.322
74.251,86.5448,123.979,167.372
74.2648,86.5386,123.978,167.371
74.2547,86.5224,124.01,167.413
74.2501,86.5316,124.031,167.442
74.3008,86.6843,123.835,167.177
74.3008,86.6843,123.835,167.177
74.3008,86.6843,123.835,167.177
74.2546,86.6008,123.867,167.221
74.3008,86.6843,123.835,167.177
74.2716,86.6772,123.862,167.214
74.2659,86.6254,123.899,167.263
74.3008,86.6843,123.835,167.177
74.3008,86.6843,123.835,167.177
74.2634,86.6349,123.9,167.265
74.3008,86.6843,123.835,167.177
74.3008,86.6843,123.835,167.177
74.2416,86.6093,123.968,167.356
74.2272,86.5362,123.982,167.376
74.3279,86.6481,123.838,167.181
74.3302,86.6345,123.864,167.217
74.283,86.5621,123.953,167.336
74.3046,86.5818,123.932,167.308
74.3151,86.5612,123.943,167.323
74.3331,86.5599,123.935,167.312
74.3008,86.6843,123.835,167.177
74.3008,86.6843,123.835,167.177
74.3382,86.7125,123.772,167.092
74.2543,86.6307,123.906,167.273
74.2529,86.5913,123.952,167.336
74.2696,86.5961,123.962,167.349
74.2306,86.5598,123.998,167.397
74.3008,86.6843,123.835,167.177
74.2741,86.656,123.887,167.247
74.3651,86.7127,123.806,167.138
74.3008,86.6843,123.835,167.177
74.334,86.6512,123.825,167.164
74.3008,86.6843,123.835,167.177
74.3331,86.7416,123.766,167.084
74.2998,86.6854,123.81,167.143
74.3348,86.6854,123.773,167.094
74.3609,86.7202,123.741,167.05
74.3436,86.688,123.8,167.13
74.3939,86.7761,123.716,167.017
74.463,86.7897,123.662,166.944
74.4399,86.776,123.704,167.001
74.4342,86.7579,123.726,167.03
74.4334,86.8341,123.693,166.985
74.4219,86.7824,123.746,167.057
74.3456,86.6884,123.853,167.202
74.3688,86.7269,123.793,167.12
74.377,86.715,123.783,167.107
74.377,86.7426,123.724,167.028
74.4351,86.7952,123.626,166.896
74.405,86.7333,123.67,166.955
74.3951,86.7079,123.697,166.991
74.4248,86.7154,123.68,166.968
74.4283,86.699,123.673,166.959
74.4124,86.6585,123.722,167.025
74.4545,86.7625,123.62,166.887
74.4593,86.7577,123.621,166.889
74.4083,86.6757,123.759,167.075
74.4333,86.74,123.651,166.929
74.4108,86.6822,123.717,167.018
74.4503,86.7329,123.636,166.909
74.4479,86.7446,123.637,166.909
74.4282,86.7015,123.684,166.974
74.4641,86.7448,123.679,166.966
74.4571,86.7765,123.645,166.921
74.4679,86.7928,123.608,166.87
74.4968,86.8514,123.546,166.787
74.5299,86.8482,123.561,166.807
74.4913,86.8027,123.678,166.965
74.5361,86.8097,123.648,166.925
74.5646,86.7676,123.674,166.96
74.634,86.8846,123.545,166.786
74.6854,86.961,123.48,166.698
74.6708,86.9406,123.468,166.681
74.6798,86.9255,123.483,166.702
74.705,86.9348,123.435,166.637
74.703,86.9639,123.398,166.587
74.6869,86.955,123.434,166.636
74.7024,86.9326,123.439,166.643
74.7639,87.032,123.356,166.531
74.7671,87.035,123.362,166.539
74.7073,86.9445,123.482,166.701
74.6904,86.9276,123.493,166.716
74.6905,86.9949,123.418,166.614
74.7284,86.992,123.391,166.578
74.7303,86.9806,123.391,166.577
74.772,86.9946,123.384,166.569
74.7923,87.0013,123.346,166.518
74.8098,86.9978,123.334,166.501
74.7502,86.9119,123.451,166.659
74.7401,86.9039,123.484,166.704
74.7685,86.9051,123.459,166.669
74.698,86.8169,123.571,166.82
74.7209,86.8123,123.563,166.81
74.7685,86.8816,123.477,166.694
74.7286,86.8691,123.543,166.783
74.742,86.9157,123.532,166.768
74.7773,86.9448,123.484,166.703
74.806,86.9774,123.461,166.673
495.673,179.159,59.7197,80.6216
74.3008,86.6843,123.835,167.177
74.3022,86.6445,123.873,167.229
74.3008,86.6843,123.835,167.177
74.2759,86.6275,123.92,167.292
74.2757,86.6469,123.895,167.258
74.2478,86.6901,123.861,167.212
480.146,157.66,71.6636,96.7459
74.3008,86.6843,123.835,167.177
74.281,86.7164,123.788,167.114
74.3008,86.6843,123.835,167.177
74.3008,86.6843,123.835,167.177
74.2998,86.6766,123.871,167.226
74.3008,86.6843,123.835,167.177
74.3008,86.6843,123.835,167.177
74.3008,86.6843,123.835,167.177
74.296,86.7042,123.862,167.214
74.3319,86.718,123.807,167.139
74.3566,86.7353,123.765,167.083
74.3566,86.7661,123.751,167.063
74.3721,86.7929,123.691,166.983
74.3896,86.8185,123.659,166.939
74.4045,86.899,123.59,166.846
74.4274,86.8444,123.603,166.863
74.4583,86.92,123.464,166.677
74.5042,86.982,123.385,166.57
74.4243,86.9367,123.466,166.68
74.4973,87.0306,123.363,166.541
74.5126,87.0238,123.382,166.566
74.3008,86.6843,123.835,167.177
74.3167,86.716,123.797,167.126
74.3363,86.7069,123.792,167.119
74.3008,86.6843,123.835,167.177
74.3008,86.6843,123.835,167.177
74.3008,86.6843,123.835,167.177
74.3162,86.6759,123.855,167.205
74.3008,86.6843,123.835,167.177
74.3008,86.6843,123.835,167.177
74.3048,86.6287,123.887,167.247
490.179,111.795,85.9963,116.095
464.38,103.196,103.196,139.314
463.692,102.828,103.85,140.197
460.524,102.71,104.865,141.567
454.655,102.671,105.318,142.179
74.3008,86.6843,123.835,167.177
74.3008,86.6843,123.835,167.177
74.3045,86.6625,123.883,167.242
74.3008,86.6843,123.835,167.177
74.3094,86.6523,123.86,167.211
74.3573,86.7035,123.809,167.142
74.3474,86.6252,123.861,167.212
74.3475,86.6089,123.831,167.172
74.3804,86.6987,123.723,167.026
74.3329,86.6284,123.828,167.168
74.3509,86.6559,123.767,167.086
74.3008,86.6843,123.835,167.177
74.3052,86.7402,123.828,167.168
74.3008,86.6843,123.835,167.177
74.3376,86.707,123.806,167.138
74.3008,86.6843,123.835,167.177
74.3256,86.6401,123.888,167.249
74.363,86.6884,123.834,167.176
74.4052,86.7379,123.776,167.097
74.3008,86.6843,123.835,167.177
74.2459,86.5953,123.927,167.302
74.3008,86.6843,123.835,167.177
74.3007,86.715,123.815,167.15
74.3008,86.6843,123.835,167.177
74.3008,86.6843,123.835,167.177
74.338,86.7106,123.778,167.1
74.2923,86.6357,123.89,167.252
74.3008,86.6843,123.835,167.177
74.3008,86.6843,123.835,167.177
74.3008,86.6843,123.835,167.177
74.2965,86.7195,123.787,167.112
74.3008,86.6843,123.835,167.177
74.3103,86.6946,123.766,167.084
210,68,20,27
210.028,68.0102,19.9805,26.9737
74.3008,86.6843,123.835,167.177
74.3225,86.7076,123.835,167.178
74.3792,86.7943,123.753,167.067
74.3778,86.7378,123.801,167.131
74.3966,86.7901,123.789,167.115
74.3551,86.7485,123.862,167.214
74.3781,86.7488,123.873,167.228
74.382,86.7598,123.893,167.255
74.3916,86.7981,123.837,167.18
74.4775,86.8649,123.743,167.052
74.468,86.8068,123.779,167.101
74.5145,86.8006,123.769,167.089
74.5655,86.8583,123.686,166.976
74.5424,86.8381,123.693,166.985
74.4892,86.8242,123.705,167.001
74.5403,86.7987,123.69,166.981
74.5806,86.8408,123.671,166.955
74.5493,86.8154,123.752,167.065
74.4806,86.7578,123.806,167.138
74.5191,86.8,123.736,167.043
74.5952,86.8723,123.622,166.89
74.5701,86.897,123.68,166.969
74.5116,86.7904,123.802,167.133
74.5268,86.8049,123.811,167.145
74.5069,86.7745,123.867,167.221
74.4854,86.7625,123.88,167.239
74.4864,86.7544,123.905,167.272
74.4763,86.724,123.969,167.359
74.4646,86.7505,124.003,167.404
74.4833,86.7359,123.994,167.392
74.4365,86.694,124.09,167.522
74.4606,86.7239,124.052,167.47
74.4347,86.6815,124.109,167.548
74.5167,86.792,124.014,167.418
74.5722,86.8686,123.921,167.294
74.5399,86.7982,124.001,167.402
74.5605,86.8317,123.98,167.373
74.5284,86.7807,124.06,167.48
74.4587,86.734,124.114,167.554
74.4271,86.7026,124.135,167.583
74.4198,86.6529,124.161,167.617
74.4445,86.6647,124.101,167.536
74.3008,86.6843,123.835,167.177
74.3008,86.6843,123.835,167.177
74.2839,86.696,123.839,167.182
74.3008,86.6843,123.835,167.177
74.3008,86.6843,123.835,167.177
74.3124,86.7416,123.841,167.186
74.3225,86.7601,123.846,167.192
74.3105,86.7436,123.847,167.194
74.2518,86.6366,123.984,167.378
74.2622,86.6349,123.97,167.359
74.3008,86.6843,123.835,167.177
74.3008,86.6843,123.835,167.177
74.3008,86.6843,123.835,167.177
74.3715,86.7495,123.735,167.042
74.3579,86.7198,123.778,167.1
74.4367,86.7776,123.684,166.974
74.4347,86.7674,123.667,166.95
74.4299,86.7702,123.661,166.942
74.4324,86.7617,123.684,166.973
74.4257,86.7822,123.686,166.976
74.4005,86.7941,123.699,166.994
74.3914,86.7914,123.652,166.93
74.3274,86.7505,123.813,167.147
74.3351,86.7295,123.86,167.212
74.3255,86.7277,123.855,167.204
74.3438,86.767,123.836,167.179
74.4045,86.8583,123.718,167.02
74.4058,86.8399,123.777,167.099
74.3622,86.7714,123.832,167.174
74.3761,86.796,123.791,167.117
74.4203,86.7901,123.809,167.142
74.4243,86.7839,123.861,167.213
74.5117,86.854,123.76,167.076
74.6154,86.9126,123.629,166.899
74.6634,86.9827,123.553,166.796
74.7305,87.001,123.491,166.713
74.6403,86.9482,123.6,166.86
74.6583,86.9358,123.618,166.884
74.6913,87.0149,123.523,166.756
74.658,86.9495,123.566,166.814
74.5753,86.8717,123.65,166.927
74.6053,86.9253,123.608,166.871
74.5783,86.9705,123.611,166.875
74.5404,86.8981,123.679,166.966
74.5466,86.8889,123.651,166.928
74.5513,86.8719,123.703,166.999
74.6035,86.9285,123.644,166.919
74.5489,86.9017,123.715,167.015
74.5565,86.9109,123.734,167.041
74.5849,86.9194,123.716,167.016
74.5992,86.9214,123.735,167.042
74.5318,86.8683,123.821,167.159
74.5427,86.8977,123.808,167.141
74.5667,86.8748,123.783,167.107
74.5424,86.9307,123.735,167.042
74.5321,86.9911,123.753,167.067
74.5489,87.0715,123.679,166.967
74.5567,87.0543,123.682,166.971
74.5748,87.1335,123.599,166.858
74.5698,87.1555,123.605,166.866
74.4654,87.018,123.771,167.09
74.4504,86.9948,123.788,167.113
74.5006,87.0995,123.707,167.004
74.499,87.0912,123.718,167.019
74.5443,87.1093,123.706,167.002
74.5279,87.11,123.671,166.955
74.4946,87.1221,123.677,166.964
74.4623,87.1038,123.722,167.024
74.4341,87.044,123.785,167.11
74.4616,87.1007,123.747,167.059
74.5427,87.1998,123.59,166.847
74.5494,87.2494,123.599,166.859
74.5793,87.2512,123.586,166.841
74.6594,87.3244,123.478,166.695
74.6351,87.2346,123.571,166.821
74.6953,87.3707,123.432,166.633
74.6569,87.3096,123.519,166.75
74.6855,87.378,123.438,166.641
74.3008,86.6843,123.835,167.177
74.3821,86.7809,123.689,166.98
74.409,86.7748,123.663,166.945
74.4206,86.7813,123.668,166.952
74.3729,86.7248,123.756,167.07
74.3008,86.6843,123.835,167.177
74.2799,86.6732,123.923,167.296
74.3008,86.6843,123.835,167.177
74.3307,86.7006,123.81,167.144
74.3707,86.7643,123.737,167.044
74.4017,86.7784,123.725,167.029
74.3759,86.7348,123.763,167.08
74.379,86.7354,123.743,167.053
74.3631,86.6967,123.755,167.069
74.3539,86.6744,123.824,167.162
74.3322,86.6698,123.876,167.233
74.3337,86.6483,123.848,167.194
74.2807,86.6142,123.878,167.236
74.3008,86.6843,123.835,167.177
74.3008,86.6843,123.835,167.177
74.3008,86.6843,123.835,167.177
74.3008,86.6843,123.835,167.177
74.3008,86.6843,123.835,167.177
74.3008,86.6843,123.835,167.177
74.3171,86.6552,123.832,167.173
74.3008,86.6843,123.835,167.177
74.2831,86.6672,123.879,167.236
74.2878,86.6296,123.97,167.36
74.3096,86.7017,123.901,167.266
74.3248,86.7632,123.837,167.18
74.3286,86.7491,123.866,167.219
74.3633,86.781,123.785,167.11
74.3434,86.7912,123.788,167.114
74.3265,86.803,123.805,167.137
74.3008,86.6843,123.835,167.177
74.2778,86.6312,123.896,167.26
74.3008,86.6843,123.835,167.177
74.3008,86.6843,123.835,167.177
74.3008,86.6843,123.835,167.177
74.2882,86.6986,123.813,167.147
74.3008,86.6843,123.835,167.177
74.3008,86.6843,123.835,167.177
74.2286,86.586,123.961,167.347
74.2715,86.688,123.843,167.188
74.3008,86.6843,123.835,167.177
74.3008,86.6843,123.835,167.177
74.1793,86.5245,124.057,167.477
159.252,19.9066,49.7664,67.1846
159.235,19.928,49.7946,67.2227
159.367,20.0199,49.7001,67.0952
159.361,19.9351,49.8109,67.2447
74.3008,86.6843,123.835,167.177
74.3008,86.6843,123.835,167.177
74.3994,86.7437,123.707,167.004
74.3873,86.7465,123.696,166.99
74.485,86.8386,123.554,166.797
74.5144,86.8447,123.546,166.786
74.4399,86.7712,123.656,166.936
74.4916,86.8845,123.545,166.786
74.4674,86.8642,123.602,166.863
74.4444,86.8388,123.663,166.945
74.4209,86.7871,123.719,167.021
74.3927,86.7135,123.791,167.118
74.3978,86.6605,123.759,167.074
74.3898,86.6877,123.773,167.093
74.3899,86.6677,123.787,167.113
74.4266,86.6678,123.765,167.083
74.3008,86.6843,123.835,167.177
74.3225,86.6596,123.862,167.213
74.3008,86.6843,123.835,167.177
74.2907,86.6775,123.837,167.179
74.2809,86.6066,123.927,167.301
74.3279,86.6259,123.847,167.194
74.2787,86.5573,123.961,167.347
74.3008,86.6843,123.835,167.177
74.2722,86.6621,123.894,167.257
74.3008,86.6843,123.835,167.177
74.3008,86.6843,123.835,167.177
74.3008,86.6843,123.835,167.177
74.3084,86.6848,123.795,167.124
74.2122,86.5602,123.982,167.376
74.247,86.5425,123.986,167.381
74.1845,86.5,124.067,167.49
74.2216,86.4863,124.054,167.472
443.741,103.196,103.196,139.314
74.3008,86.6843,123.835,167.177
74.3008,86.6843,123.835,167.177
74.2667,86.7291,123.884,167.244
74.3213,86.762,123.763,167.08
74.2325,86.7309,123.834,167.176
74.2646,86.7817,123.779,167.102
74.3008,86.6843,123.835,167.177
74.2588,86.6388,123.915,167.285
74.2523,86.5836,123.997,167.396
74.209,86.4998,123.992,167.389
74.3008,86.6843,123.835,167.177
74.3008,86.6843,123.835,167.177
74.2966,86.6038,123.902,167.268
74.3008,86.6843,123.835,167.177
74.2897,86.7096,123.838,167.182
74.3194,86.781,123.933,167.31
74.3008,86.6843,123.835,167.177
74.3011,86.6363,123.904,167.27
