628.85,264.86,149.53,113.96
630.68,267.29,149.28,111.17
632.2,266.43,153.06,113.59
634.7,264.89,151.78,114.39
636.6,262.39,156.84,119.56
640.55,264.59,151.82,117.06
642.5,265.86,156.28,116.23
644.76,267.7,154.92,113.98
645.38,270.54,155.21,111.68
646.1,270.8,155.19,111.88
645.55,270.03,156.42,114.63
645,272.45,158.13,111.77
645.66,274.67,157.51,109.37
644.94,274.5,155.98,111.07
647.61,275.98,157.76,108.35
648.61,278.98,159.27,107.16
650.64,280.72,159.59,106.18
650.95,280,162.35,109.79
652.41,281.03,163.79,110.88
653.31,283.2,166.44,110.79
655.43,286.17,167,108.46
655.45,285.48,168.84,111.44
652.67,286.62,171.97,115.75
654.49,289.38,172.88,112.94
656.96,293.83,169.79,106.44
655.78,294.55,171.15,107.04
659.69,300.02,165.5,97.82
659.63,301.98,166.01,96.74
654.67,299.61,171.04,102.3
648.18,295.35,162.19,120.11
647.96,294.48,163.89,122.59
649.33,297.37,162.88,115.97
647.94,296.29,169.48,119.76
646.54,291.05,176.69,132.44
648.65,295.94,179.82,123.38
646.71,296.3,178.22,123.42
651.2,303.35,183.64,107.88
649.2,304.86,184.64,107.51
647.05,305.55,182.95,107
646.37,310.5,183.45,98.52
637.52,307.89,176.65,108.52
633.52,307.32,179.48,111.39
634.03,311.03,174.69,100.97
622.42,305.48,187.04,120.99
622.29,307.31,185.82,116.24
621.96,309.8,184.13,109.02
622.31,309.8,184.64,106.44
620.15,312.9,193.11,103.73
611.66,302.77,204.41,121.95
612.99,304.97,198.2,113.61
609.99,305.12,199.28,116.57
610.74,305.48,195.03,113.31
608.52,305.89,187.23,117.32
607.72,305.94,192.82,118.03
607.68,304.68,193.93,115.98
604.26,304.97,192.62,118.31
602.55,303.52,198.33,121.48
600.46,305.31,197.68,115.13
598.7,307.56,209.05,109.83
597.55,307.22,208.96,111.56
598.51,310.61,208.22,99.83
598.06,310.75,209.6,100.19
596.9,301.21,217.64,115.1
595.7,299.59,218.78,115.93
595.37,298.66,214.64,116.57
595.5,288.17,228.72,139.49
595.08,290.28,232.45,137.82
596.59,289.64,232.95,143.86
593.99,281.57,238.25,152.94
599.78,282.73,228.73,152.33
598.91,284.42,235.24,153.81
605.04,283.98,227.89,153.49
596.42,283.1,237.75,155.13
597.95,278.48,237.33,162.18
601.9,282.12,231.16,156.64
597.14,281.52,235.17,155.84
592.52,281.24,241.85,159.37
592.61,281.87,242.74,159.01
591.59,277.78,246.77,166.48
592.86,279.61,245,165.05
589.36,277.15,251.17,170.53
589.16,280.03,251.05,168.06
587.64,278.99,253.41,168.36
588.96,279.73,252.71,169.64
588.17,277.42,255.48,173.39
588.75,276.28,255.61,174.51
585.34,275.78,260.2,178.12
587.79,276.81,258.81,178.31
586.21,278.06,260.88,178.94
586.12,278.21,261.74,180.53
586.4,276.33,263.11,185.32
588.71,278.27,262.85,186.07
585.14,280.24,266.83,186.39
584.11,273.59,269.92,193.64
584.74,277.12,270.08,188.69
586.27,279.58,269.53,185.95
583.67,273.81,274.16,194.99
583.86,272.27,273.9,196.78
586,272.51,272.93,193.37
583.66,270.27,275.51,196.35
581.79,270.93,276.56,193.75
580.8,260.51,280.05,207.18
579.77,263.31,280.86,202.29
578.5,262.32,281.52,205.27
576.9,262.5,283.19,205.26
577.18,263.38,283.06,202.85
574.39,262.15,286.01,204.92
569.96,262.5,289.28,204.52
571.12,260.97,286.92,205.83
570.47,260.99,288.58,207.12
565.97,261.35,291.27,205.94
560.69,259.01,298.29,209.75
563.19,260.11,293.24,209.52
558.82,261.64,297.46,207.66
554.86,261.02,300.35,211.49
553.92,259.94,301.54,213.73
551.62,260.03,304.51,214.21
547.7,258.78,305.58,218.27
542.61,257.54,310.22,219.89
540.92,254.91,312.4,225.86
539.08,253.95,313.16,227.06
538.05,255.52,313.47,225
536.2,254.24,315.23,226.35
535.39,253.95,316.73,225.77
535.37,254.38,317.56,224.01
534.8,253.42,319.23,226.62
534.75,252.97,322.17,227.41
533.64,254.4,323.94,226.62
535.05,254.9,323.77,226.55
534.67,253.21,325.42,228.33
534.78,252.95,326.92,229.51
537.1,252.76,327.1,230.82
533.94,254,330.56,229.2
532.74,245.26,336.01,240.71
533.2,246.91,333.29,237.48
535.18,251.67,333.8,232.84
533.28,250.71,338.95,236.2
534.21,252.02,343.03,237.7
535.64,251.42,343.18,238.1
535.91,248.75,347.88,242.8
535.18,248.27,351.94,243.46
534.56,247.79,352.74,246.4
535.82,248.06,353.06,248.09
538.29,248.38,353.37,247.13
533.5,250,356.76,246.25
531.87,247.53,361.03,251.2
532.32,249.02,363.68,249.05
519.84,235.03,380.57,267.12
522.1,244.5,382.31,259.96
522.9,244.81,381.42,260.43
522.29,245.26,384.11,260.54
520.14,244.87,392.63,265.24
519.2,247,396.28,264.51
517.45,247.6,400.78,267.07
515.39,247.12,407.29,271.65
516.58,248.25,407.74,273.65
514.7,250.64,412.9,277.44
517.98,253.59,407.09,277.98
516.7,251.83,416.21,281.65
513.15,249.31,422.16,289.18
515.67,255.91,419.94,285.13
517.39,256.59,419.66,288.34
519.65,260.34,419.78,286.45
513.01,255.47,434.41,298.1
515.07,257.7,434.43,298.15
517.16,258.7,433.26,299.21
517.49,257.28,435.78,304.74
517,256.92,441.97,309.05
516.64,255.59,444.33,313.4
517.81,256.63,447.85,317.73
519.56,257.38,450,321.47
521.3,257.12,448.35,324.71
522.47,264.23,448.64,321.21
504.13,179.51,491.5,464.41
526.4,259.49,454.14,335.1
504.14,183.09,499.86,468.9
494.78,180.28,479.38,478.62
501.79,187.68,521.01,479.24
484.29,179.18,497.49,497.16
486.55,177.35,502.14,501.74
481.56,180.81,488.24,494.79
497.08,175.97,504.52,506.64
473.88,181.6,486.81,494.7
473.61,182.73,482.72,489.77
520.24,169.07,435.75,465.54
475.26,194.33,467.1,469.35
511.24,158.17,425.09,467.22
521.62,153.31,427.89,482.97
529.53,158.48,399.66,458.52
532.23,178.01,404.63,454.65
571.48,160.14,316.95,495.66
669.94,159.59,175.98,399.04
597.78,159.23,281.46,452.91
670.75,164.98,193.64,455.03
599.43,154.67,294.9,467.67
684.74,169.18,178.99,472.27
686.98,173.19,180.4,480.96
681.14,174.09,185.44,483.66
654.94,181.14,229.2,456.22
666.93,191.57,215.29,474.03
673.12,202.02,213.83,482.9
675.55,211.89,213.71,478.51
678.2,223.28,209.97,448.33
681,227.44,207.06,451.96
687.55,239.24,214.16,512.39
694.2,247.07,195.13,448.48
696.13,255.09,193.43,441.05
703.29,263.25,212.04,661.56
710.32,257.98,167.31,425.94
711.63,263.15,165.7,449.39
717.65,268.14,153.53,432.98
723.41,273.92,142.78,451.14
729.22,280.62,130.67,435.07
736.26,284.03,115.75,454.93
736.92,284.09,113.23,434.86
731.9,285.37,113.84,433.57
722.8,275.42,124.77,453.44
711.96,278.31,137.54,452.45
705.35,268.05,142.81,441.31
694.29,272.45,154.08,427.25
686.67,270.24,157.78,436.25
681.93,266.28,158.55,429.23
677.75,267.28,159.84,421.87
674.51,266.61,161.06,398.16
669.47,267.23,155.38,437.36
663.71,255.12,161.88,432.93
653.69,256.62,168.99,451.22
664.39,250.99,156.04,410.68
662,249.64,158.07,409.75
660.08,243.99,156.62,410.35
671.51,240.54,135.78,378.25
660.88,237.93,144.04,418.1
667.35,230.45,127.31,412.73
667.8,220.12,123.51,387.13
664.5,217.21,121.34,400.13
665.61,207.72,115.3,406.64
664.78,205.69,113.24,403.41
668.79,199.25,106.91,404.41
674.23,197.37,96.99,391.26
672.89,203.33,99.33,372.1
673.36,206.01,97.46,341.01
672.13,202.1,101.04,362.28
670.25,204.99,105.03,356.83
669.2,208.33,105.08,326.46
668.43,215.51,107.72,313.73
667.27,215.44,108.75,336.54
658.17,215.94,127.08,315.66
665.02,221.04,117.01,299.9
665.53,227.16,118.74,268.84
645.87,219.42,157.41,284.76
647.18,226.93,160.03,273.43
647.56,228.29,162.35,279.37
652.84,238.69,153.32,272.22
648.75,242.91,163.9,278.59
656.25,260.98,153.46,286.65
644.6,257.44,176.24,296.42
653.02,278.49,172.06,252.39
657.96,289.88,172.61,282.27
659.58,304.15,178.99,258.97
661.99,314.34,182.15,243.71
661.34,323.12,189.99,253.33
660.27,330.15,196.9,256.48
650.31,332.45,213.75,265.36
661.59,341.24,205.03,263.55
654.28,350.86,218.64,261.27
651.1,352.8,225.4,267.62
665.02,358.53,220.08,260.47
664.63,367.72,231.97,268.14
653.41,361.61,243.55,278.81
656.62,367.34,249.45,278.22
660.74,371.25,256.42,284.73
687.02,401.57,248.65,233.13
684.23,401.35,262.44,236.2
659.74,401.3,307.56,283.8
671.9,404.97,305.47,266.6
666.05,400.13,304.4,281.31
670.79,409.1,335.11,282.4
672.21,403.73,320.36,280.73
673.75,401.19,325.5,281.33
670.51,404.03,337.79,281.11
666.56,418.25,336.74,236.29
652.98,424.84,347.92,212.85
662.25,454.95,338.05,182.49
652.12,448.55,359.78,198.09
645.58,432.62,366.32,212.55
655.58,447.15,358.72,173.95
649.26,438.13,365.34,201.71
652.52,430.59,366.38,203.83
651.31,429.73,369.89,200.82
648.78,412.54,378.22,216.59
634.41,399.8,410.39,231.23
