185.72,208.73,45.01,110.98
189.36,213.72,35.98,107.57
185.97,214.47,39.89,111.69
183.18,214.95,44.19,109.03
176.52,220.22,56.38,105.11
176.05,220.39,55.11,98.1
172.96,223.69,60.44,90.38
174.7,226.97,53.11,82.7
174.09,229.81,59.38,79.5
177.06,230.83,52.6,79.74
177.66,231.42,59.01,84.8
182.49,229.55,43.51,109.47
185.54,228.36,43.09,109.34
188.59,227.17,42.66,109.22
191.64,225.98,42.24,109.1
194.69,224.79,41.82,108.98
197.74,223.6,41.4,108.86
200.79,222.41,40.97,108.74
203.84,221.22,40.55,108.62
207.18,221.16,40.13,108.5
210.53,221.11,39.71,108.38
213.87,221.06,39.29,108.26
217.21,221.01,38.87,108.13
219.16,222.72,38.52,108.13
220.68,224.33,39.03,108.33
219.53,227.18,39.55,108.54
216.92,231.85,43.9,87.61
225.34,232.2,39.38,86.99
230.26,230.32,40.05,82.96
235.05,228.97,41.8,81.41
242.16,227.93,43.63,84.15
242.62,226.66,52.29,93.85
246.2,223.88,47.17,92.25
251.23,225.63,45.11,100.32
254.56,224.2,47.29,106.17
255.82,224.9,50.56,108.65
259.26,224.69,54.55,107.68
261.41,225.77,63.63,114.55
264.96,228.1,62.94,102.53
267.22,230.93,64.79,96.6
271.28,235.2,62.87,90.85
270.55,235.08,64.37,88.79
272.69,236.02,66.76,90.71
276.83,236.71,64.03,96.19
270.66,234.55,76.21,102.18
270.89,235.76,78.14,100.4
268.66,232.47,82.67,103.21
270.27,231.14,80.24,100.88
270.8,231.78,86.07,111.81
268.15,230.27,81.57,97.84
278.94,229.81,66.43,113.96
272.44,228.61,77.41,103.39
266.56,227.05,85.55,105.25
259.59,226.08,94.47,105.37
260.6,227,86.02,95.99
259.24,225.39,91.14,108.5
261.51,225.94,75.57,100.33
264.04,229.23,63.26,98.83
263.88,233.95,63.19,101.38
257.51,234.11,66.23,96.32
252.8,234.26,67.6,93.79
245.37,235.66,75.26,98.22
241.02,233.39,72.58,93
234.96,232.95,75.9,94.27
227.15,237.12,84.68,99.2
222.53,229.68,88.95,110.79
216.97,232.44,89.95,109.88
211.42,232.97,92.33,108.81
209.41,231.87,90.23,110.51
211.04,231.28,83.36,111.41
210.63,230.77,70.56,115.38
199.96,228.57,79.49,118.85
195.18,227.41,69.2,108.02
181.25,225.75,77.04,108.1
170.97,224.96,78.18,102.63
171.05,226.12,66.87,95.12
159.22,225.21,73.83,103.81
163.6,226.88,59.45,103.79
164.07,230.26,55.55,116.79
157.93,228.48,56.23,116.77
150.84,226.47,62.33,120.56
142.68,224.58,64.69,123.22
134.4,220.99,62.99,105.89
126.05,222.21,68.99,103.8
131.14,218.96,56.3,107.47
131.19,220.39,47.49,87.21
121.65,216.66,58.31,99.04
114.7,219.19,59.69,97.49
120.95,217.92,48.06,118.01
119.01,217.59,47.17,117.22
111.28,216.09,60.19,122.02
107.83,216.15,56.86,122.23
98.502,214.1,71.908,125.64
87.324,211.18,79.176,111.77
90.555,204.69,91.405,135.76
87.657,207.78,80.173,106.47
99.101,208.21,56.379,93.02
98.512,208.19,54.878,93.2
105.96,211.21,45.03,109.61
106.82,209.79,45.49,114.38
105.7,204.87,52.24,117.14
104.6,203.46,61.21,120.52
107.51,202.27,55.82,122.72
110.97,199.76,51.15,105.84
108.37,194.35,62.04,112.77
110.1,194.21,62.06,109.98
116.39,195.48,52.18,96.09
120.51,192.55,49.61,97.34
124.07,194.24,48.71,94.76
133.44,197.71,36.99,109.71
124.16,192.38,67.31,116.69
131.09,191.45,56.31,120.05
135.16,190.54,53.55,121.17
133.16,186.36,59.72,112.32
127.92,185.07,72.76,110.89
151.81,189.08,39.2,109.26
146.18,187.79,52.28,81.91
160.88,185.75,39.43,78.55
153.51,183.27,51.23,90.89
169.89,186.66,32.54,106.67
172.75,186.01,33.38,107.46
152.71,181.33,81.42,110.97
171.78,179.82,55.16,114.97
175.62,177.92,51.9,117.52
179.83,176.87,47.08,105.33
176.78,174.12,58.25,108.98
181.31,172.03,55.73,106.74
189.28,176.09,44.8,89.62
193.51,173.82,40.7,90.51
198.74,176.08,38.86,105.74
201.06,175.9,39.2,103.98
192.38,172.91,63.36,110.21
202.56,171.98,46.9,110.4
202.14,170,46.28,113.67
199.21,166.86,57.57,116.91
193.46,164.82,69.32,121.2
208.36,167.3,36.94,105.58
206.48,166.34,44.7,108.72
205.98,171.55,48.37,72.84
206.47,165.8,48.24,110.25
212.71,167.24,41.3,109.04
206.55,164.18,55.46,101.93
203.59,163.86,69.14,111.63
211.73,164.87,60.04,111.82
220.26,165.85,47.35,113.29
221.67,162.83,51.01,112.98
225.86,160.52,42.72,112.26
226.55,157.8,44.9,113.43
230.66,160.77,37.71,107.66
234.2,162.54,32.38,107.5
232.18,160.3,37.03,112.33
227.99,163.17,43.97,107.79
230.59,163.69,42.44,107.77
234.14,163.07,40.07,107.15
234.5,163.18,44.93,106.08
229.13,157.67,54.56,118
229.31,154.62,58.67,120.02
238.3,154.99,45.89,86.14
239.58,156.43,48.26,104.31
240.42,155.96,49.13,84.02
246.77,158.52,40.61,86.57
249.79,158.31,37.27,109.25
252.93,157.01,35.78,108.56
249.91,148.81,51.04,116.88
259.84,151.04,35.42,114.1
261.54,150.87,34.47,114.7
264.22,150.24,35.89,107.9
270.08,149.04,34.1,107.16
273.38,152.06,32.19,105.64
270,149.52,42.34,107.95
271.27,152.58,43.25,104.71
272.29,154.52,44.09,103.32
268.73,151.31,52.71,103.48
271.35,150.81,51.59,102.35
272.9,151.79,48.78,105.35
272.49,147.7,50.43,102.61
278.47,152.23,42.39,81.89
278.72,149.5,43.54,74.75
275.51,147.41,50.02,77.12
279.75,151.01,40.38,73.29
274.12,150.3,46.19,90.05
276.19,149.39,42.4,83.84
274.73,146.64,47.51,96.45
276.87,144.8,44.68,109.61
278.41,145.71,41.16,112.17
282.03,145.62,33.54,108.83
283.9,145.57,29.57,107.89
282.79,143.22,29.87,108.9
281.19,144.83,32.02,106.51
280.38,143.25,33.3,107.99
276.03,146.96,40.01,104.15
273.07,146.38,46.84,105.64
274.66,149.86,43.46,101.03
279.5,150.14,38.19,100.02
285.56,149.1,28.05,103.37
283.1,145.67,35.59,98.78
283.39,151.97,35.1,90.18
282.16,150.89,36.83,97.39
275.93,150.44,48,111.94
277.89,149.95,39.46,112.68
279.85,149.13,36.49,112.32
279.99,151.22,36.66,109.68
282.66,150.09,34.88,110.29
279.6,149.41,40.02,110.91
276.9,152.38,46.9,108.97
275.71,153.1,50.66,110.42
276.44,153.5,51.92,108.1
276.13,157.05,54.93,103.96
278.11,156.77,54.06,103.22
280.27,156.93,50.36,101.89
282.84,159.19,43.94,99.11
281.34,161.87,44.6,104.19
275.95,159.85,45.29,113.2
279.68,162.32,38.13,107.84
283.12,163.89,30.93,102.77
283.93,161.84,28.34,107.05
280.98,160.04,31.22,109.45
280.6,159.73,32.01,109.74
279.57,159.48,32.7,113.89
280.02,160.61,31.19,114.54
280.14,164.24,31.83,108.4
280.83,164.13,28.35,115.3
278.56,167.99,30.16,113.65
277.16,168.99,30.45,114.8
274.72,169.35,32.44,114.46
273.33,170.06,31.15,116.49
273.8,170.97,29.48,116.4
272.04,172.28,29.11,115.03
271.46,171.63,29.45,117.15
272.06,172.22,25.11,115.61
271.48,171.54,24.59,115.49
268.27,169.5,24.87,116
263.6,168.39,28.87,119.45
260.95,168.88,28.98,118.35
257.37,168.75,30.05,120.61
254.63,170.2,31.63,122.32
251.11,170.99,34.59,125.75
250.71,176.1,32.85,122.94
248.31,175.65,33.26,117.37
240.24,179.03,44.35,124.35
238.59,180.77,45.24,123.68
236.25,181.91,44.88,122.37
235.68,181.36,42.21,123.37
230.68,182.01,46.14,124.67
232.41,184.09,37.2,121.92
230.37,184.04,35.15,120.77
228.94,187.24,31.53,117.17
229.13,184.45,30.32,118.7
222.74,182.2,42.12,120.46
222.08,181.52,36.58,120.33
222.76,178.52,30.74,121.68
219.89,178.91,33.02,122.48
214.18,179.85,37.98,119.87
211.07,177.95,47.38,127.96
214.51,180.87,33.98,124.94
210.28,183.99,38.91,125.92
206.1,185.99,41.93,125.05
201.29,187.38,47.27,125.48
203.58,191.57,41.16,103.04
200.78,190.17,42.85,106.82
196.36,190.45,45.99,106.37
192.54,195.62,52.61,102.65
188.54,190.9,55,95.67
183.41,192.4,62.61,101.53
180.49,190.14,65.86,110.19
185.85,187.15,57.46,112.46
192.27,185.76,44.44,115.04
191.83,187.39,43.07,113.93
193.43,185.39,38.71,115.74
187.32,184.86,46.66,107.14
183.65,182.48,50.21,127.02
190.58,182.21,44.12,123.79
185.21,183.66,56.68,113.82
178.92,185.76,67.91,112.52
183.89,185.48,57.5,107.87
181.39,185.98,61.81,104.92
174.31,184.9,73.05,110.57
176.19,183.13,69.65,124.06
185.39,182.26,52.81,120.77
186.28,182.78,48.91,116.58
180.36,180.35,56.14,91.31
173.41,181.83,65.89,91.55
177.66,185.25,58.5,112.55
171.49,189.63,66.88,105.01
175.16,189.75,61.58,102.44
172.53,188.57,65.42,101.07
169.94,187.67,68.08,104.36
174.59,184.7,61.27,103.99
184.98,181.86,46.23,106.27
188.4,181,41.42,104.05
189.37,178.79,39.28,108.51
190,179.67,37.74,124.32
189.89,179.15,37.87,125.95
188.42,179.64,39.71,116.05
186.86,181.7,41.63,117.06
172.86,185.55,62.87,111.27
172.13,185.8,61.84,107.82
175.34,187.49,53.76,108.44
177.1,189.44,47.17,104.6
176.29,188.76,45.87,106.28
170.46,193.24,56.32,100.99
169.94,193.4,50.9,99.93
167.43,193.99,51.81,100.76
166.58,196.73,51.13,104.39
157.07,193.72,59.59,111.5
158.27,195.06,53.99,113.61
157.28,198.33,50.3,109.18
158.83,199.56,43.85,129.86
155.52,199.11,43.93,131.29
156.98,196.48,36.13,133.59
155.46,196.42,32.05,134.79
151.83,194.65,34.03,137.19
147.37,197.48,37.69,135.22
144.64,195.25,38.69,137.66
139,196.53,44.63,135.03
136.44,196.52,47.51,132.27
133.13,196.12,51.09,136.18
130.01,197.1,50.54,133.78
125.91,197.37,60.21,136.29
126.46,198.91,50.27,135.19
120.79,198.97,65.62,136.77
125,200.19,48.92,131.37
125.48,201.23,43.86,130.29
125.63,202.88,42.88,127.05
124.07,207.1,43.97,127.7
124.97,204.84,43.37,129.31
125.88,204.99,43.23,128.15
125.91,205,44.21,130.73
127.85,205.29,41.73,129.89
128.05,204.9,42.02,132.56
129.84,207.04,38.43,131.32
129.17,204.69,39.38,133.51
129.14,204.27,41.63,136.9
131.89,208.21,36.28,131.41
132.23,206.95,38.95,135.76
133.06,208.93,38.65,133.13
134.39,211.05,38.24,132.64
136.51,205.79,36.4,135.92
137.14,210.81,38.05,127.23
139.4,209.82,38.02,128.84
139.62,207.97,39.28,130.4
141.17,209.13,37.54,129.3
141.55,212.14,37.32,126.27
141.13,209.88,39.52,129.37
141.27,213.46,39.89,125.88
139.14,210.15,45.36,130.39
138.6,212.17,48.53,128.08
142.2,209.51,40.64,130.91
139.5,210.88,46.51,125.87
140,213.4,44.4,121.91
139.77,211.94,45.88,123.83
141.82,213.15,39.16,126.11
139.13,212.33,47.23,125.55
142.51,215.32,36.31,116.77
142.55,213.87,35.3,122.29
139.89,213.42,36.59,127.11
140.05,212.53,35.86,122.76
139.2,209.1,34.89,125.15
140.29,209.61,31.94,127.78
140.04,209.69,31.45,130.69
140.31,210.19,32.83,134.82
141.72,209.57,29.48,135.58
137.96,209.47,34.43,136.66
137.78,203.95,35.13,141.16
138.15,202.67,33.23,144.52
137.86,199.16,34.94,147.79
136.92,198.37,37.23,149.7
139.99,204.16,33.52,142.19
141.47,201.92,33,145.16
142.65,202.88,34.24,145.64
143.21,204.73,35.13,143.87
144.93,209.61,31.33,138.47
145.66,208.92,31.25,139.54
146.22,212.97,30.65,137.08
147.6,212.34,30.86,138.5
149.27,214.35,28.8,136.07
149.78,214.25,30.01,136.65
149.91,215.94,29.25,135.34
150.5,214.05,29.77,137.14
151.4,216.66,28.97,134.24
152.12,216.59,29.25,136.73
150.3,215.52,32.11,136.99
151.09,218.83,31.83,133.67
150.81,216.01,33.7,136.35
150.7,215.92,34.85,136.53
149.54,215.81,37.22,137.17
150.25,215.32,37.5,137.41
154.31,218.86,31.81,133.49
153.6,225.05,33.16,127.89
153.27,224.36,34.81,130.54
152.01,220.06,36.54,134.85
153.07,217.15,35.61,137.29
153.24,220.25,34.85,134.2
152.92,220.05,35.83,136.51
151.18,221.39,37.14,128.76
151.51,224.47,37.31,129.71
147.2,222.94,51.01,126.08
147.92,225.19,50.47,128.89
153.36,227.58,37.83,127.57
147.71,223.16,56.13,128.14
148.3,222.53,54.61,128.7
150.91,223.29,49.88,126.42
153,224.85,41.16,123.59
151.44,224.64,44.07,126.96
154.23,221.07,38.88,126.72
153.95,219.09,39.03,128
153.84,218.83,39.58,128.41
153.55,220.2,40.66,126.75
150.05,215.84,51.03,133.61
151.16,218.48,47.18,129.77
152.65,219.61,44.09,130.59
154.66,217.63,42.42,132.35
156.82,217.12,41,131.5
157.16,219.28,40.84,128.82
157.44,218.14,40.07,126.14
156.75,217.84,43.34,125.16
158.7,218.9,42.09,132.02
159.58,216.85,41.63,134.05
158.84,219.41,39.9,129.53
157.12,220.71,44.87,123.83
158.55,221.39,42.05,127.95
157.5,219.62,43.59,126.18
156.91,218.77,48.55,129.47
160.39,218.35,41.44,128.67
160.63,217.8,45.2,127.84
160.24,218.75,48.48,133.23
160.64,218.01,49.78,128.83
160.41,218.65,53.33,132.72
161.4,215.89,54.97,133.6
162.23,215.89,56.1,135.66
161.59,216.91,64.11,135.45
161.95,218.2,65.62,133.85
165.18,215.97,62.99,139.01
169.78,217.69,54.64,135.49
173.47,217.62,47.61,135.91
176.65,218.35,44.57,134.65
177.79,218.39,44.21,135.89
181.26,221.63,40.47,133.55
181.03,219.51,43.42,134.81
183.89,217.35,42.93,137.93
189.06,218.38,37.59,136.31
189.84,220.22,39.09,135.41
193.95,219.54,34.81,135.53
193.78,218.87,38.69,135.91
193.14,218.07,41.05,136.44
194.71,218.27,40.28,134.81
197.25,218.89,40.45,135.75
202.22,217.25,34.42,134.62
204.3,216.55,39.27,128
206.93,216.89,36.92,125.87
208.64,215.86,34.46,128.84
210.71,214.77,34.78,130.55
211.83,214.4,36.69,130.12
209.44,217.22,44.72,126.28
210.76,218.61,49.46,125.73
206.96,220.66,58.27,125.34
217.04,225.89,52.32,118.38
214.18,222.52,55.17,127.4
215.93,226.17,59.15,92.26
227.07,227.14,54.13,98.13
221.14,226.39,66.92,107.28
236.76,228.04,56.9,97.06
236.75,237.25,74.38,103.47
248.52,224.23,55.91,108.48
252.84,222.66,64.47,98.85
258.29,223.69,65.43,102.45
268.38,226.54,41.41,116.18
270.35,221.22,52.38,123.16
273.49,221.64,51.36,123.25
278.72,219.57,53.57,125.8
282.02,219.22,62.77,126.29
291.22,218.89,56.19,125.91
301.49,219.02,46.7,123.47
304.14,220.26,49.79,115.61
319.42,222.49,37.35,112.21
323.75,223.6,41.89,111.71
323.95,223.82,59.32,114.01
340.38,225.49,42.41,107.56
338.22,223.35,61.72,111.72
355.89,223.25,48.74,85.15
363.66,223.02,48.18,82.58
372.17,224,46.95,78.47
381.61,221.41,42.11,76.61
386.76,224.22,48.36,85.19
399.95,227.02,40.29,78.16
400.56,226.31,47.13,82.68
401.79,225.39,58.95,96.49
401.7,228.43,66.43,116.02
402.91,229.11,64.21,113.8
413.2,228.14,54.7,113.59
417.88,225.03,52.48,116.65
418.95,221.85,47.43,118.05
416.53,217.98,46.36,121.38
415.3,215.15,42.29,123.63
412.26,210.92,41.97,125.1
411.93,210.15,38.41,124.56
408.52,205.15,42.64,123.66
406.32,200.98,39.63,123.95
402.28,199.05,45.91,125.71
399.95,198.74,44.45,119.92
392.04,195.86,53.06,121.04
388.96,194,53.79,117.03
388.43,190.49,46.08,120.6
383.91,187.15,47.94,121.96
381.08,183.23,46.65,123.04
377.27,183.33,45.17,119.81
372.09,182.96,49.63,122.02
366.69,183.79,51.28,115.04
365.1,181.23,47.03,109.38
361.9,184.01,46.49,108.32
359.51,186.13,44.86,99.44
360.58,185.62,39.87,103.9
357.48,184.09,40.89,110.81
354.74,182.74,45.28,103.75
351.87,181.65,47.83,105.8
346.54,181.29,53.8,111.96
340.88,177.18,58.71,113.7
342.31,177.5,55.04,109.73
340.85,174.67,54.72,111.89
340.72,175.37,52.24,108.64
343.57,175.4,44.82,106.8
340.03,172.13,47.79,109.83
353.17,173.87,28.89,108.31
346.98,171.55,34.3,111.66
348.01,171.11,33.16,110.84
346.64,174.03,34.42,105.39
344.58,173.81,39.35,106.02
345.83,176.02,36.26,101.79
345.8,175.93,36.76,100.46
346.4,175.14,35.78,102.78
346.76,175.26,36.14,101.95
344.82,175.08,38.65,103.78
342.35,174.18,40.71,104.88
341.07,174.56,42.18,105.57
338.95,173.55,45.33,108.91
338.97,173.89,43.66,105.69
336.94,172.95,45.26,108.54
336.48,173.38,44.37,109.26
335.73,173.36,43.93,111.09
334.73,173.74,44.31,110.84
333.98,175.09,43.75,111.02
334.73,176.52,40.75,111.61
334.15,177.53,39.85,113.4
333.06,179.48,40.89,111.94
333.1,181.32,40,111.98
332.89,186.39,37.46,108.28
333.54,185.3,34.63,106.99
332.54,181.52,34.89,110.12
329.08,182.52,36.97,109.66
327.06,183.71,36.52,107.9
327.43,184.71,33.53,105.46
321.96,179.96,39.47,110.63
324.39,180.2,38.55,107.41
324.04,179.59,35.2,107.75
322.59,175.62,35.68,114.1
321.34,175.58,33.7,110.7
320.34,174.71,35.68,110.55
315.37,174.41,38.76,112.22
314.66,175.08,38.66,112.51
314.11,175.13,38.46,113.09
310.34,176.29,42.56,111.36
311.72,180.1,39.25,107.97
309.94,182.94,40.6,102.79
307.99,182.83,40.86,105.96
305.79,181.23,43.4,104.94
303.88,180.89,45.16,103.2
301.42,180.61,44.73,101.77
295.83,179.9,51.47,99.64
295.1,180.29,48.58,92.81
298.71,181.86,40.52,109.58
294.23,180.18,47.8,97.02
292.27,179.52,48.56,110.95
291.33,176.4,48.86,116.63
291.81,172.76,47.34,115.58
290.49,173.53,49.71,115.3
291.79,171.84,46.54,118.57
292.28,171.22,46.42,116.98
293.02,171.37,44.84,117.7
289.25,172.34,43.54,115.83
292.03,173.4,40.5,115.64
290.19,174.38,43.66,114.44
289.76,174.4,43.07,113.81
289.98,175.2,45.93,111.54
290.4,176.57,45.68,88.13
283.39,174.45,59.47,86.55
289.67,176.4,46.69,81.75
289.7,173.49,45.56,83.55
288.28,172.1,43.87,82.22
288.22,173.45,41.6,79.19
288.06,170.61,41.22,83.05
288.01,170.9,41.51,84.53
289.18,170.13,41.47,90.9
288.81,168.41,42.66,109.86
288.46,166.29,44.32,106.8
289.99,166.65,42.05,108.8
291.22,165.36,41.95,91.87
293.16,167.29,40.83,100.75
292.19,165.59,43.79,103.65
292.88,165.45,46.75,101.04
296.15,165.25,41.15,104.42
297.52,164.26,42.72,105.02
298.86,161.87,41.85,107.49
300.42,161.94,41.56,106.06
303.96,160.07,38.05,108.81
304.97,160.18,39.94,101.99
308.31,161.2,38.73,102.33
309.41,160.9,42.99,105.59
312.09,161.39,41.04,97.68
313.63,162.28,43.52,98.66
320.29,165.95,34.88,79.55
320.73,162.76,39.77,97.21
322.48,162.13,40.87,96.42
325.86,160.71,39.32,100.48
327.33,160.65,38.13,83.8
328.23,160.18,40.13,79.83
330.49,160.72,39.75,81.03
331.94,159.47,40.49,83.5
333.09,161.71,39.25,79.59
332.89,159.42,43.32,87.45
334.72,157.59,42.09,82.8
328.93,151.51,52.35,95.53
329.7,149.39,49.02,110.1
326.15,144.56,48.01,100.95
325.82,142.86,51.77,116.49
325.64,140.25,43.98,83.92
322.29,138,48.82,84.5
320.97,135.6,50.83,87.68
322.93,134.87,45.36,82.74
327.76,134.43,42.12,114.79
330.52,136.23,37.46,121.12
328.46,131.09,39.49,118.45
324.62,138.45,44.27,110.63
322.13,135.47,45.59,112.92
325.13,144.16,41.47,104.31
322.29,141.6,44,110.73
327.1,151.16,37.4,101.45
328.73,154.89,35.38,98.2
325.26,156.87,39.95,97.59
323.79,156.97,42.97,99.13
320.22,157.37,48.62,97.86
334.32,159.39,27.9,83.59
326.11,158.61,43.05,93.85
326.09,159.43,48.92,101.71
322.8,159.67,53.71,104.97
321.54,159.26,51.59,88.65
319.29,161.02,55.68,87.14
321.17,162.21,53.58,85.62
328.69,164.58,42.37,82.38
325.44,166.87,47.38,82.82
326.69,169.23,43.56,83.49
329.09,171.94,46.92,91.13
331.77,171.83,41.47,92.11
329.72,173.47,43.22,105.47
330.27,175.49,43.3,106.48
330.81,177.5,43.38,107.5
331.36,179.51,43.45,108.52
342.38,187.45,25.13,105.41
332.14,188.99,45.74,83.28
341.32,192.48,27.38,108.79
341.99,194.03,27.16,110.27
342.24,202.58,27.99,106.88
335.39,203.89,37.93,110.48
340.7,212.94,31.98,100.94
345.09,203.37,28.44,114.38
345.37,206.38,29.05,114.43
338.71,207.52,39.46,117.86
334.72,208.14,46.38,121.07
336.94,214.19,44.31,114.45
336.57,216.49,42.85,92.3
333,215.35,47.95,88.76
329.59,215.79,52.66,91.1
331.18,216.55,50.13,88.84
330.56,217.79,51.35,96.33
342.77,220.75,34.61,104.97
342.23,216.2,34.53,113.31
335.72,214.96,48.46,115.57
348.14,214.23,28.97,115.89
349.01,212.29,27.24,114.18
349.62,211.47,29.12,117.15
351.13,210.45,29.45,117.7
351.36,210.17,29.58,115.65
350.02,208.87,32.97,118.76
351.82,212.33,30.64,114.59
351.55,209.97,26.88,118.46
351.45,209.05,27.6,117.95
348.83,210.73,33.2,115.6
352.17,210.47,28.09,113.23
352.85,208.45,27.73,117.48
351.77,208.25,28.86,111.71
350.18,206.21,30.89,113.94
344.36,206.73,40.06,108.92
345.25,204.33,36.67,112.17
342.84,203.07,40.04,114.03
343.84,203.21,37.13,112.11
341.61,201.16,40.98,115.19
344.49,202.14,34.64,112.53
343.57,203.41,34.59,113.93
343.33,203.5,35.57,113.67
341.12,203.7,37.07,113.73
342.84,199.7,34.72,110.13
341.05,202.93,37.37,113.09
341.94,204.07,35.77,105.03
342.1,202.44,37.01,112.38
333.9,203.76,46.22,116.13
339.96,203.97,38.08,112.5
339.73,204.72,34.2,100.65
337.43,202.46,38.81,107.33
337.17,204.6,36.96,99.66
338.29,208.35,34.43,98.06
332.53,204.85,43.22,103.77
338.13,205.36,33.65,107.62
342.49,205.7,29.99,111.45
340.14,206.03,33.67,112.01
335.97,209.04,42.23,110.27
331.34,208.46,53.39,111.21
340.02,199.35,31.95,118.66
340.84,206.18,30.04,105.26
339.3,210.34,30.49,91.89
335.31,205.77,33.57,98.03
333.06,206.23,33.44,95.21
328.64,207.69,36.9,96.87
327.11,204.3,36.95,97.75
319.01,207.83,41.16,90.4
310.42,206.13,49.07,92.77
308.16,192.65,42.19,82.22
