96,334,114,118
114,278,114,118
114,278,114,118
146,286,114,118
154,292,114,118
178,310,114,118
156,294,114,118
178,312,114,118
178,310,114,118
178,310,114,118
178,310,114,118
178,310,114,118
178,310,114,118
178,310,114,118
180,310,114,118
180,308,114,118
180,308,114,118
180,308,114,118
180,308,114,118
180,308,114,118
180,308,114,118
180,308,114,118
180,308,114,118
182,308,114,118
182,308,114,118
182,308,114,118
182,308,114,118
182,308,114,118
182,308,114,118
182,308,114,118
182,308,114,118
182,308,114,118
182,308,114,118
182,308,114,118
182,308,114,118
182,308,114,118
182,308,114,118
182,308,114,118
182,306,114,118
182,306,114,118
182,306,114,118
182,306,114,118
182,306,114,118
182,306,114,118
182,306,114,118
182,306,114,118
182,306,114,118
182,306,114,118
182,306,114,118
182,306,114,118
182,306,114,118
182,306,114,118
182,306,114,118
182,306,114,118
182,306,114,118
182,306,114,118
182,306,114,118
182,308,114,118
182,308,114,118
180,306,114,118
180,308,114,118
180,308,114,118
180,308,114,118
180,308,114,118
180,308,114,118
180,308,114,118
180,308,114,118
180,308,114,118
180,308,114,118
180,308,114,118
180,308,114,118
180,308,114,118
180,308,114,118
180,308,114,118
180,308,114,118
180,308,114,118
178,308,114,118
178,308,114,118
178,308,114,118
178,308,114,118
178,308,114,118
178,308,114,118
178,308,114,118
178,308,114,118
178,308,114,118
178,308,114,118
178,308,114,118
178,308,114,118
178,308,114,118
178,308,114,118
178,308,114,118
178,308,114,118
178,310,114,118
178,308,114,118
178,308,114,118
178,308,114,118
178,310,114,118
178,310,114,118
178,308,114,118
178,310,114,118
178,310,114,118
178,310,114,118
178,308,114,118
178,310,114,118
178,308,114,118
178,308,114,118
178,308,114,118
178,308,114,118
178,308,114,118
178,308,114,118
178,308,114,118
178,308,114,118
178,308,114,118
178,308,114,118
178,308,114,118
178,308,114,118
178,308,114,118
178,308,114,118
178,308,114,118
178,308,114,118
178,308,114,118
178,308,114,118
178,308,114,118
178,308,114,118
178,308,114,118
178,308,114,118
178,308,114,118
178,308,114,118
178,308,114,118
178,308,114,118
178,308,114,118
178,308,114,118
178,308,114,118
178,308,114,118
178,308,114,118
178,308,114,118
178,308,114,118
178,308,114,118
178,308,114,118
178,308,114,118
178,308,114,118
178,308,114,118
178,308,114,118
178,308,114,118
178,308,114,118
178,308,114,118
178,308,114,118
178,308,114,118
178,308,114,118
178,308,114,118
178,308,114,118
