422,206,68,113
431.917,207.904,66.8259,109.215
442.896,214.796,61.9775,101.798
446.776,220.251,57.6614,95.1357
448.952,227.483,53.9543,88.1019
449.107,231.375,52.7552,83.8925
449.903,234.042,51.4636,80.3823
449.753,235.538,51.0916,78.5132
450.893,237.317,51.2967,76.9059
449.622,238.573,50.9623,75.2
448.768,239.549,51.2556,73.9419
448.693,242.224,50.4252,71.385
448.853,246.501,49.0855,68.3775
447.643,248.541,48.2022,65.7811
446.796,251.818,48.2169,64.3154
444.021,255.322,48.4383,63.4158
442.747,258.251,48.5699,62.7719
442.607,259.2,47.9819,61.1998
443.9,259.216,47.5368,60.1334
444.318,261.231,47.4221,59.3846
443.753,259.252,47.375,59.0162
443.35,258.588,47.8657,58.8908
444.725,257.596,48.5479,58.8722
443.812,259.089,49.4476,59.3951
443.175,258.245,49.7809,59.0777
441.667,259.497,50.8199,59.4628
439.521,256.926,51.0622,59.2441
438.104,257.416,51.7852,59.2865
434.784,258.497,52.6148,59.3349
432.384,258.767,52.4049,57.9996
430.187,258.138,52.233,56.5743
427.361,260.008,51.8073,54.5016
422.72,261.425,51.7206,53.2768
422.351,259.911,51.3676,51.0631
421.9,261.877,50.1224,48.0167
422.549,263.076,48.8933,45.1977
421.631,263.139,48.4044,43.7697
422.081,263.076,47.5587,42.0017
423.478,263.569,47.0106,40.5767
424.159,263.698,46.6276,39.4381
424.085,262.507,46.1799,38.2733
424.677,262.007,46.2603,37.5182
425.705,262.894,46.0537,36.5505
425.228,262.467,46.2676,35.9286
424.799,261.725,46.6746,35.5299
425.789,262.624,47.0108,35.0051
425.915,263.249,47.6037,34.6952
425.706,263.117,48.1713,34.4057
425.172,262.718,48.1791,33.8428
426.351,263.305,48.0559,33.1007
426.621,263.106,48.3845,32.7328
426.179,263.502,48.6561,32.3309
426.019,263.64,49.0152,31.961
424.893,264.136,49.0167,31.5082
425.608,265.634,48.6235,30.636
424.358,264.921,48.9853,30.5033
425.379,264.844,48.8381,30.0549
426.456,265.019,48.4829,29.4718
428.021,264.6,48.2008,28.9829
430.963,264.296,48.2696,28.8468
432.679,263.331,48.8028,29.1267
435.516,260.642,49.1257,29.5025
439.408,257.189,47.3086,28.3443
443.797,256.487,44.9021,27.9456
449.945,256.794,43.9494,28.4361
457.284,257.089,42.0175,27.971
462.03,258.191,40.5942,27.5718
464.12,259.161,40.3696,27.7238
461.145,258.667,40.2008,27.9844
460.71,259.676,41.0546,28.6279
463.043,261.512,41.608,29.2915
463.88,262.2,42.1215,29.9352
464.425,262.932,42.8962,30.7779
464.916,263.694,44.1181,31.9719
466.921,267.114,45.0021,33.2975
467.552,270.554,47.1038,35.3827
469.429,272.234,47.892,36.4452
472.308,273.656,46.3068,35.5961
474.995,274.927,44.9532,34.7374
478.917,269.471,44.6296,34.8015
481.682,264.999,44.7385,35.2062
481.796,255.852,44.034,35.1798
485.287,249.842,43.4966,35.0956
487.148,238.448,43.9026,36.1045
489.776,228.851,43.127,35.7687
495.18,221.371,43.9001,36.5764
496.888,222.334,40.9108,35.484
497.971,217.389,39.9079,36.134
495.845,218.369,35.7572,33.864
494.56,220.097,33.9788,33.7049
486.278,218.869,34.8203,35.2539
481.675,218.332,34.1224,34.609
480.665,222.094,33.1568,33.0079
481.84,226.049,33.516,32.6906
481.374,228.562,34.5953,33.357
483.369,229.689,36.657,33.8678
486.408,234.289,37.8143,34.2046
488.279,238.121,37.8475,34.1066
488.525,240.568,37.9967,34.5695
489.129,241.583,38.4896,35.5193
490.378,240.486,39.3389,36.7781
492.003,239.577,39.6671,37.2996
493.837,239.277,40.0627,38.1312
497.144,242.048,40.0135,39.0099
499.759,244.415,40.1939,39.6328
500.19,250.858,40.7591,41.1506
501.966,254.871,40.0295,40.7688
508.02,257.393,37.937,38.4034
512.039,261.046,35.3384,35.3683
516.364,261.843,33.638,33.8636
521.958,253.181,31.9887,32.4383
522.363,251.197,32.7857,33.4666
524.977,248.444,33.3228,34.33
525.978,244.88,33.1877,34.2646
528.056,241.094,32.7089,34.2084
532.982,237.51,31.828,34.7562
534.999,237.836,29.5141,33.5466
538.839,239.838,28.1056,33.1053
539.772,238.825,28.6832,33.2872
540.839,236.317,29.9278,34.238
541.264,233.027,31.6602,35.2045
541.346,233.408,31.701,34.5817
541.433,234.689,31.2636,33.5677
541.3,233.434,32.318,33.8948
540.407,233.416,32.3487,33.0723
539.685,234.123,31.5603,31.656
539.224,234.859,31.7141,31.2171
538.253,233.707,32.3554,30.8183
536.718,231.348,34.0098,31.1624
536.221,231.964,33.5666,29.8326
533.089,231.609,35.5889,30.2991
532.843,231.829,35.5405,29.7397
531.228,231.147,34.4167,28.7379
525.073,231.269,32.7629,27.3533
522.298,231.641,31.6378,27.0529
521.682,231.122,31.287,27.1911
520.756,230.937,31.1729,27.3126
521.359,234.923,29.0912,26.2615
520.748,237.737,28.2563,25.8716
521.595,240.123,28.6898,26.3717
524.261,242.19,29.0615,26.5703
526.189,243.259,30.0839,27.2059
530.779,244.286,30.5583,27.4234
533.542,245.712,31.302,27.923
536.309,247.094,30.9986,27.5021
537.875,249.381,29.4736,26.5665
541.191,251.324,28.4681,25.8974
543.869,251.525,27.8649,25.5995
546.572,251.085,28.3875,26.1944
550.9,251.677,28.5012,26.5097
555.058,251.895,28.6032,26.7428
559.497,254.737,27.1341,26.5645
565.215,258.302,24.9772,25.6854
568.976,263.755,22.834,24.8395
572.068,268.893,21.3307,24.6096
574.644,272.989,20.1834,24.9134
577.023,276.781,19.4823,25.2584
580.352,280.485,19.428,25.1491
580.75,284.672,19.3146,24.7436
579.957,286.896,19.865,25.1435
577.762,287.725,20.3153,25.4018
575.241,287.858,20.9443,25.4742
571.583,285.261,25.559,29.1856
565.678,284.667,30.0608,32.2211
558.581,282.155,32.0145,33.9264
552.916,277.185,33.4196,35.0613
547.049,271.763,34.2975,35.7135
541.776,267.616,34.0227,35.3096
536.562,265.68,36.0309,36.9218
531.994,266.295,36.8883,37.1279
529.242,266.566,37.6903,37.0684
527.885,268.042,37.5219,36.4312
527.094,271.552,37.6532,36.3805
525.891,272.09,37.2845,36.0684
519.774,269.853,38.4792,37.2474
512.185,261.386,40.5573,39.2731
505.536,259.995,47.7943,45.5489
500.789,263.304,54.083,50.6197
493.726,262.979,60.6912,56.6704
486.052,261.863,65.4393,60.321
477.567,260.878,69.1288,62.7663
473.015,258.58,70.5245,63.17
468.433,258.995,69.6193,61.2653
463.626,256.853,70.0093,60.5556
461.329,256.467,68.7723,58.4087
459.604,255.581,67.911,56.5675
457.043,255.555,67.501,55.2697
456.258,256.085,67.1519,53.952
454.796,254.481,67.7345,53.7243
453.794,253.409,67.0714,52.4049
453.459,250.944,65.9291,50.7048
452.923,248.821,65.0393,49.3128
454.357,245.633,63.2549,47.2029
454.693,245.12,60.6254,44.516
455.095,245.136,60.0227,43.523
455.455,245.769,60.6994,43.6684
454.442,245.137,61.5321,43.8768
454.138,245.051,61.6611,43.5606
453.322,245.882,61.1265,42.6676
453.852,246.592,60.5083,41.9046
453.802,247.521,60.2318,41.4318
453.766,246.701,59.6871,40.6722
453.611,246.357,59.4078,40.2739
453.713,245.899,58.5158,39.4686
455.151,246.758,57.2747,38.5348
456,247.372,55.9622,37.4975
457.162,246.718,55.2329,36.802
460.58,247.313,54.4695,36.3397
463.521,247.577,54.0168,36.0585
465.869,247.587,53.6123,35.8511
467.328,245.873,52.1013,34.5543
468.412,243.483,50.2372,32.9047
468.635,241.033,48.2201,31.1843
469.673,240.72,46.253,29.6415
469.5,240.71,45.7448,29.4154
469.656,239.808,45.5801,29.2809
469.58,239.486,45.4205,29.2334
468.465,239.401,44.882,29.1201
466.866,238.421,44.9635,29.4369
465.167,237.859,45.0128,29.4941
463.594,237.424,45.1719,29.7187
462.648,238.703,45.6285,30.2813
458.946,240.638,46.1641,30.5304
456.164,243.198,46.5443,30.4427
453.628,244.54,46.5193,29.8207
451.121,246.341,46.8324,29.3858
448.059,248.151,48.8296,30.04
445.134,249.509,52.9481,31.9903
442.549,249.095,57.524,34.2667
442.588,248.548,60.214,35.5129
441.836,247.262,61.7274,36.0137
440.203,245.467,63.375,36.6324
436.599,242.468,64.0844,36.6131
434.202,242.19,65.3619,36.9103
431.445,240.077,66.435,37.3035
428.872,239.79,66.4348,36.9231
428.549,240.129,65.6711,36.4029
426.466,240.573,63.3476,36.655
423.855,237.863,63.0107,39.1799
412.108,235.638,69.8424,46.4494
385.464,235.905,79.0097,52.7992
370.971,236.699,80.9878,52.7245
361.283,237.887,85.334,54.4753
358.475,240.316,87.7584,55.3912
358.225,244.753,92.287,57.7168
360.894,247.184,96.0027,59.8967
372.491,246.885,92.2044,57.9414
377.143,250.083,87.14,55.0997
382.31,254.538,81.7507,52.1658
385.437,256.162,78.8656,51.0325
386.391,258.945,76.7996,50.3372
388.162,260.575,74.6206,48.8656
390.144,259.579,72.1041,46.7778
391.036,259.187,69.3542,44.4742
391.224,257.365,67.3846,42.7653
390.094,255.003,66.2458,42.0457
389.577,251.923,67.0715,43.4285
387.486,247.211,68.2503,46.3704
380.43,240.517,71.6077,50.9676
375.246,230.419,74.7677,54.6157
379.537,219.838,68.7627,51.526
375.557,213.933,63.3092,48.0375
372.702,210.699,57.894,45.2221
367.751,211.446,51.3218,42.2031
369.491,214.063,43.7098,37.8347
361.232,207.176,42.4461,38.6428
347.357,200.708,39.4557,38.482
346.468,197.816,43.4308,41.0275
349.433,190.692,51.7986,51.1663
349.034,194.695,51.663,54.4513
355.796,197.748,49.5447,56.7556
360.317,205.903,43.9973,53.5678
362.18,210.721,41.1468,51.0843
363.279,212.55,39.4449,49.5456
366.954,212.8,38.537,48.882
372.641,214.189,38.2359,49.0308
376.882,212.621,40.3109,53.1464
379.417,214.943,40.8323,56.8117
379.021,208.634,47.0843,68.0585
381.912,211.63,44.5344,67.9882
381.919,210.389,44.5489,69.6684
369.266,204.802,53.0353,85.1923
364.031,210.431,54.572,88.3508
359.464,211.485,55.5093,87.9562
360.325,205.616,58.8915,94.9947
362.234,209.8,56.4429,94.8881
361.418,213.456,52.1482,89.3579
355.461,216.466,51.8409,88.6257
352.036,219.322,50.7414,85.9225
352.515,215.365,51.1423,86.3064
351.937,216.536,53.0914,89.2394
351.836,218.068,52.1262,88.0676
350.206,218.539,50.957,87.0427
347.041,215.491,52.8975,91.1372
335.606,193.626,74.6955,133.996
321.214,188.38,82.7617,144.917
313.767,185.891,82.3105,145.35
309.563,184.938,81.3196,144.091
302.422,179.342,83.6908,146.392
299.233,182.347,82.8033,142.964
290.157,186.728,81.6362,136.16
287.173,193.863,78.0201,126.405
282.79,195.303,82.3507,125.396
275.943,200.433,84.6726,119.421
266.069,203.279,87.6646,114.536
254.256,202.598,91.2845,113.343
245.986,199.802,91.8488,110.965
240.126,202.743,90.9457,108.481
236.05,199.922,90.8998,107.756
235.567,200.256,89.9433,106.874
233.763,201.366,89.2429,105.649
232.828,201.625,88.0096,104.896
234.584,200.702,86.9721,104.254
234.453,200.141,84.7795,102.682
235.58,203.097,82.6648,101.337
236.147,200.799,82.6292,101.93
237.561,195.502,83.6448,104.439
238.182,193.656,83.9981,106.435
237.468,188.605,86.3581,111.004
235.588,170.525,89.3492,117.265
237.981,171.624,79.3634,111.414
236.944,170.833,70.8776,105.356
235.821,168.559,63.983,99.6146
235.969,169.195,59.5497,94.851
235.254,159.174,60.3671,96.1583
235.2,160.089,59.3589,93.7638
235.676,153.448,59.3244,94.135
235.072,153.82,59.0378,93.8235
231.281,146.132,58.4151,95.1005
224.356,145.194,56.9663,95.9057
200.051,137.409,69.4216,110.941
194.019,137.197,75.8308,116.632
192.086,148.698,79.9941,119.132
191.555,163.17,80.0263,116.598
188.92,160.727,82.3537,117.431
186.285,157.224,86.344,118.696
181.541,158.525,88.0395,116.589
174.053,139.967,93.4457,118.315
160.314,131.997,108.75,123.961
142.027,126.79,122.771,128.786
135.815,116.162,127.414,130.428
136.987,125.47,120.884,121.512
139.905,118.197,121.257,120.986
138.463,116.202,122.883,122.251
136.071,110.352,128.883,127.637
139.853,100.879,129.489,129.065
136.831,111.291,125.21,128.055
139.704,97.4695,127.419,129.616
132.449,107.054,126.659,130.398
143.072,101.377,127.028,130.07
145.267,110.193,128.311,132.433
142.692,105.725,131.787,133.487
142.763,102.961,136.325,134.551
149.132,94.0966,140.511,136.986
169.284,96.5867,137.428,133.558
157.304,95.4063,142.408,135.32
154.84,93.5277,147.523,135.727
145.98,99.063,148.898,134.815
147.497,106.312,146.424,130.564
161.859,110.779,143.762,124.572
164.382,111.046,151.663,131.765
153.216,113.164,147.841,124.752
128.359,120.279,159.744,128.862
148.315,140.051,145.797,113.765
147.802,139.577,152.852,113.158
146.99,144.353,155.405,111.43
159.499,159.853,142.593,101.242
157.932,175.267,133.026,93.4447
154.993,175.872,134.833,93.6226
150.925,181.724,137.796,94.9238
146.829,196.04,131.719,89.7481
144.813,213.774,128.895,85.1223
126.739,212.871,145.164,89.7544
122.241,223.214,149.667,90.611
116.355,224.507,156.915,94.4074
115.865,229.531,156.335,94.7099
113.914,232.25,153.795,95.1067
111.494,233.469,152.182,95.3797
111.187,235.384,148.284,94.2803
112.978,240.208,141.727,90.7075
113.763,247.369,133.729,85.8835
116.513,248.866,128.34,82.2243
117.088,249.835,124.775,79.7225
120.177,250.867,120.372,76.5098
122.98,251.39,115.716,73.0955
126.512,251.531,111.111,69.7987
132.036,251.921,106.539,66.466
139.541,251.958,102.274,63.3605
148.774,253.393,98.8628,60.7427
157.187,254.564,97.4828,59.599
167.432,255.591,95.6562,58.3846
176.649,255.993,96.1771,58.4311
181.664,256.104,97.2992,58.5803
185.699,257.661,96.8314,58.1734
190.929,258.219,97.3029,57.9087
194.567,258.115,99.4429,58.5029
197.903,258.491,100.474,58.619
200.074,260.453,100.328,58.1161
202.159,260.479,101.638,58.6254
204.048,260.53,102.033,59.2937
206.262,260.673,100.337,59.0182
210.393,261.311,99.2021,59.1083
211.239,262.525,97.5699,58.7523
210.501,262.487,94.4616,57.3779
212.337,263.666,92.0128,56.4676
216.48,265.676,88.954,55.045
214.97,266.851,86.7273,54.1823
215.899,268.075,84.3956,53.4287
215.872,268.348,83.0889,53.0236
215.169,269.781,80.4496,52.1037
214.005,270.131,78.6506,51.5886
213.804,270.752,76.8474,51.1507
212.424,271.583,74.6111,50.1471
211.119,272.435,72.6035,49.2576
208.626,272.523,70.9304,48.4424
205.481,272.957,69.0987,47.3767
205.02,274.172,68.0724,46.4375
205.276,274.398,66.9559,45.5277
204.91,273.882,65.9667,44.56
205.312,273.872,64.8925,43.2625
204.823,272.979,63.7261,41.9208
205.342,274.268,62.2016,40.3049
204.14,273.556,61.5167,39.3097
203.593,273.353,60.7795,38.3696
202.734,274.16,59.8135,37.1892
203.263,274.896,58.5784,36.1076
203.625,275.163,57.8461,35.1898
203.222,275.258,57.6857,34.5878
201.321,275.544,57.4209,33.9614
199.268,275.264,56.8037,33.1309
198.095,275.573,56.3572,32.4253
196.284,275.134,56.4946,32.0405
195.717,275.613,56.3535,31.4789
195.908,274.887,56.5794,31.4942
195.597,274.989,56.9141,31.452
194.978,275.022,56.7744,31.1822
194.794,275.24,56.2502,30.7063
194.513,275.714,56.2491,30.4901
194.303,275.18,56.1808,30.3869
194.047,274.778,55.7097,30.026
195.045,274.78,56.1199,30.0993
196.161,274.881,56.2485,30.0914
196.855,274.63,56.0222,29.9281
196.362,273.574,56.6619,30.1842
197.293,274.456,56.4794,29.9371
197.338,273.952,56.0686,29.6104
199.774,274.948,55.8726,29.3353
198.771,273.367,56.6315,29.7248
199.695,273.816,56.8579,29.9596
199.806,272.396,57.7554,30.357
202.56,273.332,56.8691,30.0412
203.462,273.191,57.2684,30.4421
204.42,271.734,57.0478,30.5502
206.477,271.6,54.4973,29.6254
205.454,271.71,52.3694,28.3439
205.065,270.644,52.6031,28.1094
205.973,270.244,53.3284,28.0177
206.758,271.163,54.0799,27.626
209.35,270.782,54.1776,26.7199
209.951,270.532,55.7021,26.3218
210.582,269.89,56.7569,25.9687
211.511,269.33,56.8302,25.4908
212.005,268.673,56.8378,24.9185
214.317,268.562,55.4208,23.8335
216.334,268.553,53.9394,22.4783
