227,207,122,99
227,207,122,99
239,210,122,99
243,219,122,99
245,228,122,99
243,237,122,99
235,244,122,99
229,251,122,99
235,252,122,99
245,259,122,99
243,266,122,99
237,269,122,99
237,268,122,99
243,275,122,99
249,288,122,99
257,301,122,99
263,306,122,99
251,309,122,99
233,298,122,99
227,283,122,99
233,268,122,99
247,259,122,99
259,262,122,99
251,281,122,99
225,298,122,99
209,301,122,99
221,280,122,99
Tracking failure detected
Tracking failure detected
Tracking failure detected
Tracking failure detected
235,267,122,99
213,260,122,99
197,255,122,99
197,252,122,99
203,253,122,99
207,252,122,99
209,259,122,99
203,262,122,99
197,257,122,99
195,244,122,99
197,229,122,99
211,212,122,99
219,213,122,99
213,230,122,99
205,251,122,99
211,264,122,99
223,273,122,99
219,284,122,99
209,291,122,99
207,282,122,99
197,263,122,99
191,238,122,99
199,227,122,99
209,226,122,99
217,229,122,99
225,222,122,99
231,215,122,99
225,214,122,99
207,227,122,99
189,246,122,99
185,255,122,99
201,248,122,99
221,241,122,99
233,230,122,99
235,219,122,99
231,210,122,99
217,213,122,99
193,222,122,99
177,221,122,99
169,208,122,99
169,185,122,99
165,174,122,99
165,185,122,99
187,186,122,99
Tracking failure detected
215,205,122,99
215,210,122,99
Tracking failure detected
Tracking failure detected
Tracking failure detected
Tracking failure detected
Tracking failure detected
199,225,122,99
183,224,122,99
183,237,122,99
187,252,122,99
187,255,122,99
191,240,122,99
197,219,122,99
199,202,122,99
195,203,122,99
191,214,122,99
199,227,122,99
223,226,122,99
241,217,122,99
255,218,122,99
281,231,122,99
Tracking failure detected
Tracking failure detected
Tracking failure detected
Tracking failure detected
295,212,122,99
283,213,122,99
279,214,122,99
281,215,122,99
275,222,122,99
267,233,122,99
259,242,122,99
263,245,122,99
267,246,122,99
253,257,122,99
Tracking failure detected
251,258,122,99
Tracking failure detected
Tracking failure detected
Tracking failure detected
Tracking failure detected
237,241,122,99
231,244,122,99
233,249,122,99
249,248,122,99
263,245,122,99
259,238,122,99
251,235,122,99
255,236,122,99
271,239,122,99
273,230,122,99
263,217,122,99
249,206,122,99
247,201,122,99
251,200,122,99
241,201,122,99
219,198,122,99
201,193,122,99
203,190,122,99
213,189,122,99
201,188,122,99
199,191,122,99
187,198,122,99
183,203,122,99
Tracking failure detected
175,208,122,99
173,211,122,99
169,212,122,99
159,211,122,99
Tracking failure detected
179,198,122,99
185,197,122,99
195,198,122,99
201,195,122,99
195,190,122,99
191,189,122,99
193,188,122,99
209,185,122,99
235,176,122,99
253,163,122,99
245,160,122,99
235,167,122,99
245,166,122,99
267,159,122,99
281,160,122,99
277,185,122,99
Tracking failure detected
Tracking failure detected
Tracking failure detected
Tracking failure detected
Tracking failure detected
Tracking failure detected
Tracking failure detected
Tracking failure detected
Tracking failure detected
Tracking failure detected
261,184,122,99
261,187,122,99
259,190,122,99
263,199,122,99
265,212,122,99
261,229,122,99
255,240,122,99
253,241,122,99
255,230,122,99
261,217,122,99
261,202,122,99
247,191,122,99
237,188,122,99
229,195,122,99
217,208,122,99
215,227,122,99
233,240,122,99
Tracking failure detected
Tracking failure detected
Tracking failure detected
Tracking failure detected
Tracking failure detected
227,241,122,99
227,240,122,99
227,239,122,99
221,240,122,99
Tracking failure detected
217,243,122,99
217,244,122,99
217,245,122,99
217,246,122,99
217,249,122,99
217,252,122,99
217,253,122,99
217,252,122,99
217,251,122,99
217,252,122,99
217,253,122,99
213,254,122,99
213,255,122,99
213,254,122,99
213,253,122,99
213,252,122,99
213,251,122,99
213,252,122,99
213,253,122,99
211,254,122,99
209,255,122,99
Tracking failure detected
Tracking failure detected
Tracking failure detected
209,254,122,99
209,253,122,99
207,252,122,99
205,257,122,99
Tracking failure detected
Tracking failure detected
Tracking failure detected
Tracking failure detected
Tracking failure detected
Tracking failure detected
Tracking failure detected
Tracking failure detected
201,262,122,99
199,263,122,99
197,266,122,99
193,271,122,99
191,274,122,99
193,275,122,99
193,274,122,99
195,271,122,99
197,270,122,99
199,269,122,99
201,268,122,99
203,267,122,99
203,264,122,99
203,263,122,99
203,264,122,99
199,267,122,99
193,272,122,99
187,279,122,99
185,288,122,99
185,293,122,99
189,288,122,99
191,287,122,99
191,286,122,99
191,283,122,99
187,288,122,99
179,297,122,99
169,298,122,99
165,291,122,99
165,286,122,99
165,285,122,99
167,282,122,99
169,281,122,99
167,282,122,99
165,283,122,99
163,282,122,99
163,279,122,99
165,276,122,99
167,273,122,99
169,272,122,99
171,271,122,99
173,268,122,99
177,265,122,99
181,264,122,99
185,261,122,99
187,258,122,99
187,255,122,99
183,254,122,99
183,257,122,99
183,256,122,99
185,255,122,99
187,254,122,99
187,253,122,99
183,252,122,99
181,255,122,99
185,258,122,99
187,261,122,99
189,262,122,99
189,259,122,99
189,258,122,99
189,257,122,99
191,256,122,99
193,255,122,99
193,254,122,99
193,253,122,99
193,254,122,99
193,255,122,99
193,254,122,99
193,253,122,99
193,252,122,99
193,251,122,99
193,250,122,99
193,253,122,99
193,258,122,99
191,263,122,99
191,268,122,99
193,273,122,99
195,274,122,99
195,271,122,99
195,268,122,99
195,267,122,99
195,270,122,99
197,275,122,99
197,274,122,99
197,271,122,99
197,270,122,99
197,269,122,99
197,268,122,99
197,267,122,99
197,268,122,99
197,269,122,99
197,268,122,99
197,267,122,99
197,266,122,99
197,265,122,99
197,264,122,99
197,263,122,99
197,262,122,99
197,261,122,99
197,260,122,99
197,259,122,99
197,258,122,99
197,259,122,99
197,258,122,99
197,257,122,99
197,256,122,99
197,255,122,99
197,256,122,99
199,257,122,99
199,256,122,99
199,255,122,99
199,254,122,99
199,253,122,99
199,252,122,99
199,251,122,99
197,254,122,99
195,259,122,99
195,264,122,99
195,267,122,99
195,268,122,99
195,267,122,99
195,266,122,99
195,265,122,99
195,264,122,99
195,263,122,99
195,262,122,99
195,261,122,99
195,260,122,99
195,259,122,99
195,258,122,99
195,257,122,99
195,256,122,99
195,255,122,99
195,254,122,99
195,253,122,99
195,252,122,99
195,251,122,99
195,250,122,99
195,249,122,99
195,250,122,99
195,253,122,99
195,256,122,99
197,257,122,99
199,256,122,99
199,255,122,99
199,254,122,99
199,253,122,99
199,252,122,99
199,251,122,99
197,250,122,99
193,251,122,99
191,250,122,99
191,251,122,99
191,250,122,99
191,251,122,99
191,254,122,99
191,253,122,99
189,252,122,99
189,251,122,99
191,250,122,99
191,249,122,99
193,248,122,99
195,251,122,99
199,250,122,99
201,249,122,99
203,248,122,99
205,247,122,99
205,250,122,99
205,249,122,99
203,248,122,99
203,249,122,99
203,250,122,99
197,253,122,99
193,256,122,99
195,255,122,99
197,252,122,99
199,249,122,99
201,248,122,99
201,247,122,99
203,246,122,99
203,245,122,99
203,244,122,99
203,243,122,99
203,244,122,99
201,247,122,99
201,250,122,99
201,251,122,99
201,250,122,99
201,253,122,99
201,256,122,99
201,259,122,99
201,258,122,99
201,255,122,99
201,252,122,99
201,249,122,99
199,248,122,99
199,251,122,99
201,250,122,99
201,249,122,99
201,248,122,99
201,247,122,99
201,246,122,99
201,245,122,99
199,248,122,99
201,255,122,99
201,258,122,99
203,259,122,99
203,256,122,99
203,253,122,99
201,256,122,99
201,265,122,99
205,268,122,99
207,265,122,99
207,262,122,99
207,259,122,99
207,260,122,99
211,263,122,99
213,262,122,99
213,259,122,99
213,258,122,99
213,257,122,99
213,256,122,99
213,255,122,99
213,254,122,99
213,253,122,99
213,252,122,99
213,251,122,99
213,250,122,99
213,249,122,99
213,250,122,99
213,251,122,99
211,252,122,99
209,249,122,99
209,248,122,99
209,249,122,99
209,250,122,99
209,251,122,99
209,252,122,99
209,251,122,99
209,250,122,99
209,249,122,99
209,248,122,99
209,249,122,99
209,248,122,99
209,247,122,99
209,246,122,99
209,251,122,99
Tracking failure detected
Tracking failure detected
Tracking failure detected
211,258,122,99
209,261,122,99
207,268,122,99
Tracking failure detected
Tracking failure detected
Tracking failure detected
Tracking failure detected
203,273,122,99
203,272,122,99
203,275,122,99
207,282,122,99
207,283,122,99
207,282,122,99
207,281,122,99
207,280,122,99
207,279,122,99
209,284,122,99
Tracking failure detected
205,285,122,99
205,284,122,99
205,283,122,99
207,282,122,99
207,281,122,99
207,280,122,99
207,279,122,99
207,278,122,99
207,281,122,99
207,282,122,99
207,279,122,99
207,278,122,99
207,277,122,99
207,276,122,99
207,275,122,99
207,274,122,99
207,273,122,99
207,272,122,99
207,271,122,99
207,270,122,99
207,271,122,99
205,272,122,99
205,273,122,99
205,272,122,99
205,273,122,99
203,274,122,99
203,277,122,99
203,278,122,99
203,277,122,99
203,276,122,99
203,277,122,99
203,280,122,99
201,283,122,99
199,286,122,99
199,289,122,99
199,290,122,99
199,289,122,99
201,286,122,99
203,283,122,99
203,280,122,99
201,279,122,99
199,278,122,99
197,277,122,99
193,276,122,99
187,281,122,99
179,288,122,99
177,293,122,99
175,294,122,99
167,293,122,99
161,296,122,99
Tracking failure detected
Tracking failure detected
Tracking failure detected
Tracking failure detected
Tracking failure detected
Tracking failure detected
Tracking failure detected
Tracking failure detected
Tracking failure detected
Tracking failure detected
Tracking failure detected
Tracking failure detected
Tracking failure detected
Tracking failure detected
Tracking failure detected
Tracking failure detected
Tracking failure detected
Tracking failure detected
Tracking failure detected
Tracking failure detected
Tracking failure detected
Tracking failure detected
Tracking failure detected
Tracking failure detected
Tracking failure detected
Tracking failure detected
Tracking failure detected
Tracking failure detected
Tracking failure detected
Tracking failure detected
Tracking failure detected
Tracking failure detected
