264,311,37,69
272.681,310.567,38.1918,68.8089
275.162,300,40.5761,70.9643
276.085,286.135,41.8821,73.1126
276.769,276.437,43.8466,76.9041
277.263,268.905,45.8948,80.8866
279.419,266.435,48.079,85.5087
280.821,263.301,48.9563,87.4456
281.926,261.088,49.8857,89.1822
282.254,258.902,50.6709,90.7056
284.173,258.396,51.844,92.8564
285.031,255.402,53.238,95.5384
286.588,253.7,54.2829,97.8444
286.747,250.342,55.1029,99.0415
288.691,248.877,56.481,101.324
287.449,244.678,58.3894,103.71
288.028,242.571,59.3608,105.02
288.924,238.221,60.9934,107.278
288.946,234.344,62.9276,110.476
287.931,229.529,64.3339,112.805
288.865,227.341,66.3868,116.268
288.587,223.005,68.9408,119.785
288.825,215.787,72.3632,124.461
287.921,208.309,76.5701,130.505
282.237,194.275,82.9257,140.529
275.078,173.688,93.0285,157.233
264.087,163.686,103.453,173.354
254.031,153.79,109.419,181.801
243.186,142.421,116.292,192.982
230.126,130.964,121.632,201.102
213.254,131.2,128.559,209.695
205.457,124.979,133.057,219.389
201.39,136.409,134.758,229.373
195.068,129.99,141.663,243.675
189.453,133.004,143.254,251.749
187.785,135.476,143.413,257.505
178.06,131.175,145.761,261.383
181.006,133.361,148.39,266.519
182.759,127.016,150.424,269.231
186.938,122.812,148.782,267.276
199.027,126.485,143.939,263.452
203.05,126.487,138.632,257.989
208.467,127.36,135.695,257.991
212.504,123.362,134.545,255.955
215.609,108.581,137.642,261.758
222.366,102.978,141.153,272.478
222.556,93.2731,145.404,278.469
226.113,82.6995,154.18,292.756
232.694,71.1345,157.439,295.182
233.521,47.7457,168.657,313.409
237.641,41.0409,174.629,322.848
237.933,37.2703,180.087,330.863
241.16,28.8466,185.743,338.586
240.692,26.7332,191.014,344.723
252.158,30.0771,193.305,344.369
258.619,25.0994,196.069,345.686
255.621,30.8713,196.502,346.75
255.24,25.2814,198.723,346.042
242.151,35.1345,195.606,339.975
245.262,25.9213,193.838,336.313
239.166,21.0782,192.05,336.981
249.135,23.8934,190.095,335.232
249.469,19.9529,187.881,331.831
248.237,19.2369,184.746,330.451
255.581,12.9914,184.699,333.669
251.09,26.1074,179.641,328.886
248.272,12.5642,178.96,328.693
253.369,13.4055,176.243,324.31
255.067,12.2772,171.805,317.441
258.517,11.5426,168.292,314.599
257.663,12.7507,165.173,312.71
264.148,18.1993,163.579,314.465
261.546,17.5048,159.003,308.475
262.259,24.0232,157.876,311.248
259.129,22.0076,158.814,314.92
260.437,22.3021,159.584,317.284
261.172,22.3295,159.019,318.557
260.732,23.3304,159.109,320.85
258.307,25.4738,158.019,324.494
260.111,20.5309,160.614,330.694
266.415,28.3695,154.226,320.353
268.772,27.3551,156.084,324.338
274.222,21.1417,158.247,328.693
278.438,36.244,151.754,320.106
272.519,51.2416,146.315,312.167
269.529,50.423,146.736,314.737
269.049,55.569,142.749,311.454
267.375,55.143,145.353,319.795
263.11,57.7723,148.354,328.671
266.304,55.0035,148.835,331.707
268.487,47.5815,150.364,337.063
277.723,57.2793,143.556,325.961
281.866,49.3773,145.384,329.026
279.53,46.319,147.503,335.85
289.591,34.9479,149.12,339.663
289.236,29.3329,149.456,338.877
303.002,40.3337,142.007,326.308
304.949,42.5225,141.935,326.254
309.806,30.025,141.628,328.006
316.492,38.559,138.517,327.461
313.621,49.8724,139.061,334.362
317.669,49.8937,141.075,335.44
324.706,42.9078,142.092,334.885
330.47,38.0721,140.232,329.208
339.567,43.1367,135.487,327.151
343.08,50.152,133.762,326.58
338.575,45.4089,132.973,324.243
332.695,60.8113,135.423,329.332
333.721,55.1236,140.745,337.462
340.015,37.4198,144.96,347.358
336.608,36.4691,143.189,346.644
342.437,37.7391,143.191,347.474
351.888,44.0575,141.086,342.956
349.911,44.6421,139.559,342.464
342.585,46.1132,140.648,348.308
339.76,50.4828,146.258,360.121
327.567,44.7692,151.735,370.782
319.428,48.5883,158.077,382.161
317.935,52.0233,163.463,385.445
293.869,51.822,168.727,391.02
289.772,40.076,173.277,381.475
284.798,39.0597,176.638,375.109
291.095,64.4259,181.183,374.382
293.617,56.374,185.776,372.615
290.513,58.0692,191.934,379.941
270.591,46.5056,198.673,383.242
268.599,31.4331,200.79,384.374
264.399,30.7947,200.995,383.634
256.462,23.6987,212.591,403.163
252.295,0.351624,216.051,410.335
253.945,12.0432,218.378,421.5
246.478,-15.7327,223.47,431.895
256.577,-4.07568,219.801,432.548
277.448,-11.7936,216.545,429.678
280.404,-4.22443,218.882,436.723
273.482,-24.9698,227.912,449.785
245.717,-35.5236,234.581,465.219
236.39,-43.812,237.743,480.659
235.782,-35.6385,235.466,483.307
238.315,-33.0011,232.629,477.752
239.764,-33.582,233.203,483.914
238.55,-29.4014,237.618,491.126
232.918,-22.7247,239.258,494.025
236.349,-33.1378,242.697,498.635
230.016,-24.2395,242.135,506.895
235.59,-3.53894,237.253,500.781
244.52,1.54358,234.33,495.094
252.348,10.8096,236.319,502.773
261.454,5.41974,230.602,501.606
256.765,-10.9415,239.084,526.277
263.607,6.88647,237.665,534.182
267.497,-2.70081,237.022,536.919
272.268,3.83264,233.52,535.701
275.315,-36.5513,234.506,539.45
277.198,-32.1366,232.345,536.878
271.017,6.21033,234.085,545.059
282.967,-4.68201,234.476,549.069
289.719,-35.933,228.964,540.737
285.034,-63.108,223.028,531.276
282.842,-45.9233,223.29,539.437
288.195,-36.0173,221.609,542.767
292.036,-41.6505,223.617,549.544
284.378,-26.6432,226.898,558.288
286.551,11.623,227.297,560.877
286.125,53.4586,230.838,575.552
301.143,82.368,233.327,592.625
307.424,132.167,237.583,616.43
314.957,215.021,240.218,640.449
299.156,364.164,236.284,656.577
320.876,405.858,205.503,592.804
339.279,473.096,185.502,547.291
361.096,500.527,173.948,524.788
373.116,523.234,167.255,513.503
368.913,510.474,168.591,526.415
375.1,508.198,164.091,523.693
380.291,503.887,157.693,515.562
384.777,505.013,154.443,512.645
389.461,507.622,149.136,504.377
394.208,514.984,140.227,483.705
400.632,515.659,133.524,469.59
407.402,509.425,127.683,457.312
418.11,508.629,118.672,435.306
425.238,488.739,114.926,432.499
427.295,485.961,111.422,423.692
433.555,490.105,109.477,422.669
427.743,448.53,130.406,513.209
422.805,414.756,142.397,565.291
428.945,427.509,144.971,576.094
430.942,388.911,147.335,587.157
424.156,349.582,161.553,645.605
434.725,240.566,163.581,654.915
421.748,76.3452,194.791,788.012
405.821,-156.624,197.921,796.809
373.52,-286.461,187.984,755.026
366.035,-321.281,173.76,718.158
368.255,-303.569,150.607,688.363
358.19,-232.593,135.014,653.851
354.144,-164.679,115.74,602.751
358.289,-92.3268,101.959,552.345
352.485,-27.5547,92.4042,495.272
349.16,-0.836304,90.1009,467.302
355.637,19.7842,85.249,426.372
361.766,37.9844,84.327,408.442
361.028,33.1646,90.3334,424.693
364.678,32.985,93.7387,424.367
364.832,34.5122,96.0712,417.861
365.743,39.859,100.092,419.973
375.877,44.132,99.8459,401.849
372.725,35.7246,102.259,403.005
374.736,40.6013,101.913,399.885
376.617,50.6151,100.852,392.398
379.976,60.831,103.085,391.852
385.369,53.8041,105.939,396.98
380.617,44.7438,106.759,398.877
379.31,54.098,107.533,399.399
378.987,68.5123,109.237,399.742
384.629,67.2014,112.579,397.301
387.087,62.3011,114.058,387.999
386.357,62.3394,117.348,395.294
386,69.5253,119.918,398.258
385.23,72.9147,121.731,394.765
389.099,84.9744,122.321,380.356
384.192,73.6522,131.684,390.364
385.032,73.3782,138.444,394.233
380.113,70.9401,144.175,395.524
383.728,71.3727,152.208,394.247
377.082,50.6558,161.525,407.824
379.777,45.1142,165.545,406.082
380.582,33.1292,165.362,402.973
388.052,64.0417,163.608,378.992
387.837,56.4163,165.748,378.365
374.303,60.8373,161.422,368.174
380.381,84.1376,154.33,351.983
373.836,74.584,154.395,354.745
355.273,62.8562,157.907,365.945
337.16,67.5244,157.862,367.207
328.922,63.3209,161.586,372.057
320.045,56.6845,167.806,382.308
323.339,54.0644,174.147,392.895
319.568,50.5614,180.788,400.056
316.907,50.3705,186.148,402.573
315.931,31.8398,192.493,417.126
319.738,71.566,184.728,388.304
306.13,35.8502,198.975,411.487
312.669,38.0587,195.279,401.809
319.29,38.903,191.122,395.465
327.138,48.274,187.35,384.914
329.485,52.0091,184.603,384.194
327.969,55.6226,184.332,384.761
330.851,47.8981,184.845,386.298
335.669,56.382,178.038,377.704
326.082,47.7869,177.713,378.7
329.314,46.5609,174.059,378.116
331.651,46.3798,171.659,376.423
336.904,53.0375,167.265,372.547
331.161,42.9153,171.458,380.724
337.287,46.8821,168.994,376.011
330.54,41.3613,170.859,379.3
338.368,53.1283,163.368,368.637
334.709,38.9407,167.476,378.236
341.547,42.3257,162.813,376.139
334.579,39.4106,162.577,378.403
340.635,52.229,158.982,370.725
342.735,50.1914,161.824,377.278
340.726,48.2222,164.535,381.531
344.142,61.4224,165.15,375.203
341.874,47.6807,172.325,385.093
350.148,56.864,170.017,379.222
358.384,64.8056,175.856,380.36
355.786,48.9545,181.97,388.704
362.118,57.6095,177.909,382.978
350.693,45.1558,186.333,393.296
350.169,49.5374,184.838,386.981
358.753,52.8414,182.303,381.814
365.13,49.6084,186.237,389.329
374.597,49.2841,190.698,386.075
367.634,64.7017,195.847,380.343
352.384,42.7979,216.386,406.368
345.452,49.678,212.716,397.809
344.68,47.3077,216.285,402.347
345.294,55.0103,212.87,395.036
346.543,47.4011,219.704,400.42
352.233,57.2102,215.361,388.079
355.937,46.1244,225.068,395.495
353.083,64.2068,217.043,373.857
351.766,50.71,227.817,389.099
361.205,67.0532,221.12,374.039
342.422,59.493,229.908,383.21
327.808,54.8904,239.553,386.942
314.074,65.3536,243.411,370.378
296.972,70.531,260.08,357.158
285.51,67.6474,277.076,356.377
301.557,68.041,290.495,352.637
290.692,77.2496,286.203,345.22
252.959,68.7129,268.804,335.993
245.089,73.8574,263.775,326.498
242.501,62.5582,275.663,333.185
238.461,75.7695,271.426,323.646
254.478,71.215,279.944,328.879
251.028,69.747,285.061,332.303
248.219,79.6409,290.341,328.25
224.665,65.498,311.167,349.064
234.305,59.5641,315.971,351.27
253.754,57.7489,317.916,355.239
295.426,58.6061,322.533,359.988
294.891,57.6316,331.23,365.205
293.657,54.3954,346.143,367.723
296.769,66.8527,353.606,354.941
256.529,73.5058,346.375,348.607
227.108,70.0862,318.405,334.217
218.988,73.7421,296.386,321.363
197.135,88.1892,303.488,322.691
190.159,78.7556,330.802,337.315
215.187,95.0115,334.826,334.939
210.827,67.91,338.777,327.703
206.215,78.5403,350.293,335.129
247.625,72.1504,350.834,336.934
225.59,72.0427,350.053,342.738
242.033,72.9072,344.311,343.544
270.581,65.1274,345.85,345.758
252.31,56.001,329.654,340.44
252.867,47.2001,311.095,323.336
255.051,50.6373,293.708,310.972
256.1,59.137,281.241,307.911
268.113,47.9037,281.174,315.737
272.89,42.4289,267.411,307.834
290.329,57.3181,249.805,306.683
294.087,47.4348,243.486,310.048
309.727,49.6217,232.584,310.646
326.155,48.3803,218.635,304.73
319.341,45.8066,206.735,304.303
330.805,51.2332,191.766,301.1
328.559,47.4129,184.249,307.177
327.951,43.0366,176.728,311.381
332.926,36.6522,166.1,309.12
339.358,21.5192,157.775,308.463
349.94,26.6472,149.487,309.094
346.077,17.4044,148.652,316.13
343.619,41.1115,138.051,308.934
347.857,47.7721,117.969,287.942
354.372,42.2689,106.939,276.86
361.344,49.8871,95.879,260.081
362.819,42.9891,90.7444,249.983
365.045,20.117,87.302,242.921
361.622,28.2253,83.0165,230.486
365.581,28.5608,79.3778,223.805
364.623,26.4183,78.9336,223.49
360.972,28.6487,79.4896,225.121
358.541,34.438,79.2614,225.619
358.66,23.2312,78.3434,224.067
355.298,25.5194,79.8252,228.026
354.019,29.8646,79.1666,225.912
354.434,38.6559,77.0868,220.525
357.139,21.0143,79.2744,227.365
359.406,21.0841,77.9586,223.361
358.977,26.0452,78.1154,223.857
359.064,25.4744,77.9481,223.427
359.3,26.5613,77.5817,222.288
361.55,22.3863,77.0134,219.663
364.185,18.0811,76.8525,217.956
364.946,18.5747,76.5558,216.335
364.084,20.3943,76.7759,215.95
363.756,22.3923,76.9869,216.096
364.283,21.3838,76.6356,214.51
365.167,21.3295,76.4292,212.616
363.766,24.3784,78.4702,217.305
364.733,25.8264,77.2973,212.932
361.601,19.7676,78.3018,214.331
357.794,29.473,78.3991,214.596
355.426,28.1218,78.4435,214.099
350.406,26.3199,80.2695,218.886
344.293,20.0787,82.9107,227.063
341.14,23.8051,82.7379,227.807
341.571,20.7888,81.528,223.046
341.863,30.7544,80.5055,219.538
341.472,36.0139,80.1161,217.427
341.776,41.3011,78.9997,213.241
342.318,43.5163,77.6758,208.481
343.877,45.8537,77.0918,205.187
345.185,47.3628,76.7932,203.114
343.407,51.5517,77.9261,204.577
341.816,53.1877,77.9084,203.093
340.666,54.771,77.7358,201.223
340.178,56.948,77.2348,199.007
338.817,57.4892,77.4128,197.942
335.931,53.7059,78.4677,199.01
333.839,54.7646,79.9738,201.394
332.623,62.5811,79.9339,199.831
330.139,66.3727,80.7883,201.069
331.27,68.674,79.1489,195.865
333.363,65.9544,78.2279,192.06
333.295,74.3693,77.2707,189.421
332.439,78.2753,76.9313,187.784
331.349,79.1251,78.3448,190.385
331.51,80.606,78.9422,191.202
329.715,75.5878,79.5748,191.01
330.195,82.3404,78.6945,188.067
329.245,83.7555,78.4837,186.472
328.209,85.2546,78.4523,185.52
326.136,84.9571,79.0539,185.589
327.051,91.5688,77.0124,179.968
328.575,92.6512,76.7336,179.1
329.619,94.2738,77.0961,179.122
331.732,93.953,76.7945,177.96
333.993,94.1124,76.2199,175.574
336.303,94.3245,76.3031,175.022
337.812,94.8914,76.7022,175.29
340.829,94.5829,76.521,174.118
343.372,96.5273,76.5173,173.731
345.741,95.7173,78.1487,177.833
346.969,99.0803,77.7935,177.421
348.677,92.5585,78.3677,178.112
352.523,94.4547,78.672,179.493
356.606,89.8537,79.1278,180.847
361.369,87.8565,78.8918,181.13
364.557,80.947,79.6939,183.085
370.796,87.1549,77.7955,180.058
378.97,76.3404,78.205,181.843
385.414,79.2625,77.6751,182.646
388.672,75.0793,78.5933,184.863
391.693,73.765,80.0762,188.301
392.755,75.6651,81.7136,191.54
397.549,75.9014,79.8036,187.505
398.956,80.7312,79.0038,184.879
402.024,79.2328,78.2774,182.465
403.329,81.5227,77.0853,179.217
404.929,83.3694,77.3307,179.709
405.971,81.7042,77.2949,178.398
406.439,89.3593,79.9222,185.766
405.561,85.2756,81.5416,194.618
407.661,73.1304,83.8661,202.776
408.872,71.7934,84.1854,209.054
408.479,63.8344,86.1892,219.703
405.745,63.8295,87.6199,231.902
407.998,56.8098,88.5888,241.779
408.696,47.2212,86.7722,243.209
404.043,49.7034,88.6475,260.539
405.273,34.0845,87.6398,270.077
405.143,32.8777,85.0148,277.715
403.549,31.4208,83.0341,289.831
401.297,35.8634,80.5447,301.486
397.619,27.3632,82.6116,320.944
398.928,44.1852,81.4205,328.626
404.345,37.3223,79.7678,329.508
405.906,29.8447,80.5544,347.248
409.574,36.9771,78.3515,356.9
414.457,20.4366,74.5446,353.025
411.776,27.1893,70.3146,345.563
412.597,31.551,68.3028,350.089
416.83,27.3975,66.8908,361.881
418.181,35.5962,65.5779,370.499
417.037,42.2878,63.3237,368.523
422.255,29.3806,62.7461,367.856
423.454,-1.32666,62.3232,373.867
422.735,14.0316,58.4493,369.491
422.973,-6.54877,55.9619,368.209
420.65,-6.72742,53.2939,370.44
426.127,-20.361,49.8038,357.186
432.712,-32.8853,48.2825,369.876
434.822,-19.7553,46.4702,377.582
436.812,-17.6385,42.9915,373.042
441.536,-22.434,40.6094,375.64
445.498,-10.3783,38.1279,379.129
448.461,-4.98071,34.063,370.985
452.572,-10.2335,31.7178,361.33
455.594,-29.5599,28.5919,334.25
457.504,-22.7677,26.6044,319.042
459.304,-18.7594,24.6617,303.402
460.464,-4.58649,23.0219,287.689
461.542,12.5178,21.6954,274.461
462.417,20.7737,20.4656,261.569
463.437,38.634,19.5066,251.637
465.077,38.2178,19.1395,249.171
467.342,34.033,19.0519,250.451
468.627,27.727,18.6624,246.428
468.702,31.0886,17.8305,235.025
469.575,42.0556,17.0914,226.398
470.82,49.8366,16.9966,227.267
471.009,54.4903,16.8288,224.215
472.009,49.6942,17.0026,228.174
473.407,59.7607,17.4789,235.855
473.621,87.0151,17.8447,242.246
474.797,92.4158,17.6142,239.324
474.97,92.7534,17.7867,241.216
473.895,83.496,18.5207,247.236
474.923,91.2961,18.332,245.89
474.849,156.625,18.2743,235.029
469.661,205.736,23.0244,230.222
464.081,236.622,30.6034,263.58
447.483,211.842,47.5933,359.759
430.548,179.984,52.567,383.796
418.614,71.1576,56.9112,398.471
414.569,-9.3609,57.1771,387.587
418.109,-12.8214,54.1018,351.348
422.864,-1.70282,51.8957,331.198
425.029,28.8721,49.6765,316.24
428.999,48.3883,46.8218,290.828
430.184,53.7784,45.9666,277.749
432.134,71.0787,45.163,265.496
432.908,66.4349,45.935,263.832
432.126,71.9878,45.6453,258.155
436.567,89.3272,46.1864,253.715
434.47,75.362,51.4634,270.275
433.094,61.8167,52.8648,272.661
430.43,87.0187,51.9414,265.344
430.777,83.342,50.3624,256.145
435.956,95.845,47.0604,240.26
434.333,103.067,48.4563,243.651
433.651,108.091,48.4963,245.788
433.494,98.3894,48.1337,244.628
433.316,109.63,48.0096,242.605
434.619,101.119,47.5819,242.714
434.92,110.395,46.9946,239.099
434.469,96.5182,48.9796,250.407
432.961,102.282,50.1195,252.716
434.052,95.025,48.6438,243.176
433.433,97.2928,49.5921,243.926
435.186,107.92,48.4241,236.305
436.735,105.416,47.1491,235.262
439.24,101.142,46.3467,234.334
436.726,104.29,47.3798,242.157
438.16,99.3951,47.3909,244.458
439.003,95.334,47.2566,245.687
435.936,104.998,47.5074,246.379
438.3,110.24,46.4015,241.968
438.087,99.8953,46.2568,244.166
440.038,99.8496,45.3894,241.843
439.156,109.238,45.5479,242.491
440.737,98.2984,45.0169,243.764
438.662,108.818,45.1701,244.204
440.498,104.89,44.669,245.701
440.435,111.154,43.6512,243.409
440.482,112.208,43.3588,244.69
440.569,99.972,43.8608,249.123
440.875,97.2441,44.5396,255.365
440.311,90.0045,46.7681,265.589
441.457,98.6181,44.7324,252.312
442.023,102.837,44.9709,251.309
445.549,94.3441,42.9251,242.512
443.948,95.0171,43.2983,245.801
446.526,100.378,41.7461,239.683
446.797,96.1351,42.5794,246.773
445.57,100.736,42.2983,248.606
446.384,89.5866,42.2632,251.238
444.777,91.3188,42.2337,256.437
444.062,85.5413,43.4444,262.897
445.373,86.0593,42.2607,256.092
445.362,95.7552,40.6932,252.297
444.451,104.264,40.9349,255.086
443.77,94.3235,40.3355,255.833
442.23,90.4967,41.7922,262.605
441.854,77.0397,41.9319,263.331
440.769,91.5133,40.9931,258.988
440.3,85.3028,41.1413,256.109
441.717,93.0541,40.4074,253.39
440.382,88.0126,41.4863,258.798
440.729,94.9599,41.1428,257.965
441.551,93.6618,39.5928,244.954
442.103,105.111,39.1784,239.779
445.278,99.8315,39.8789,243.925
446.378,97.6923,39.4193,244.91
445.692,101.014,39.633,249.069
445.231,108.365,40.0044,252.105
445.662,95.0882,39.2962,249.241
444.385,100.659,38.0936,249.231
444.744,101.236,38.2034,250.289
442.628,107.171,38.5063,253.424
444.56,95.5427,38.52,251.193
442.915,105.093,37.5581,244.679
441.525,111.729,38.4885,250.07
442.433,96.5612,37.9139,245.95
442.256,102.179,37.6196,243.246
441.459,105.845,38.2404,245.338
442.375,109.939,38.9628,248.204
442.986,89.8881,38.828,248.268
443.584,94.1561,39.2409,255.175
442.896,94.929,39.3331,260.027
441.667,93.4507,39.1659,255.166
443.833,96.8172,38.9465,251.173
444.138,98.7517,39.2555,253.712
445.08,84.8,38.1782,249.446
446.481,88.9001,36.9221,247.215
445.652,92.459,36.2326,246.544
445.298,101.439,35.9704,248.41
446.185,89.8543,35.8097,248.622
444.158,96.9974,35.1562,249.089
444.396,95.3921,36.0257,254.304
446.953,82.9063,35.3116,248.279
445.871,91.3974,34.9403,248.683
442.763,96.6049,35.716,252.908
443.172,79.402,36.3029,253.686
442.028,90.4588,36.4478,247.955
439.161,88.4804,36.9665,250.096
439.325,86.4267,36.9606,248.294
439.42,89.3906,37.3983,243.645
438.381,97.2793,38.6923,242.077
438.704,92.7963,39.9351,244.015
436.497,93.1432,41.4312,245.599
435.257,89.5083,42.8275,248.189
436.286,90.5799,42.1491,243.38
437.062,99.4364,41.6989,240.883
436.978,101.498,42.2896,239.655
438.168,107.723,42.023,239.123
438.637,98.4737,43.4355,246.084
437.37,102.518,43.6559,246.598
437.466,108.098,44.5442,247.752
437.3,92.784,44.3003,243.449
436.602,104.046,44.0714,242.131
437.437,108.202,43.8368,239.304
438.446,106.841,44.3407,240.904
437.87,111.245,43.5742,239.039
438.588,105.237,44.9571,245.185
435.201,108.845,46.8923,249.39
434.565,93.5176,46.4037,244.599
434.605,113.281,46.1689,238.913
434.159,116.147,46.5554,241.762
433.331,102.424,47.9518,244.722
434.299,102.849,47.5212,241.92
435.796,109.575,47.8545,239.625
437.644,113.377,47.2993,237.399
438.58,122.644,46.2546,235.66
441.495,122.955,48.0926,243.359
436.423,120.254,48.7147,246.386
433.112,127.218,47.3351,239.283
437.255,146.177,46.2645,225.522
432.728,152.686,44.854,209.711
436.245,171.343,47.6043,204.948
433.338,176.332,50.2635,197.041
424.949,187.499,56.6596,199.937
406.213,187.638,67.7267,195.784
404.746,194.258,70.3168,186.111
406.505,200.859,70.8219,176.165
403.78,215.919,71.3307,161.208
406.917,231.223,68.9424,139.317
408.197,235.308,70.3211,131.65
409.451,241.967,71.6146,124.252
412.336,242.795,70.7393,117.605
411.351,243.817,73.274,115.421
406.344,242.149,77.6738,115.591
396.704,241,83.2668,116.77
395.101,245.721,87.0674,114.923
388.028,247.113,90.7869,114.507
386.515,249.408,95.6173,113.959
384.603,248.459,97.7813,111.449
380.134,250.653,101.662,110.326
377.281,249.853,105.641,110.447
372.756,250.689,110.013,109.377
372.296,253.779,112.915,109.307
365.196,252.922,118.765,110.176
351.563,254.121,130.691,114.359
342.619,254.687,138.63,115.222
322.909,252.526,150.135,119.384
303.505,254.073,160.327,119.373
295.655,257.124,163.809,115.382
292.522,258.803,166.853,114.408
289.526,261.549,170.854,113.255
288.241,262.016,169.985,109.764
289.777,264.772,170.609,107.096
295.258,266.605,169.746,104.241
297.553,266.41,174.941,104.316
302.067,264.214,179.124,102.633
304.688,266.535,178.342,99.8823
292.137,265.671,185.91,100.179
291.78,267.116,184.481,97.3543
286.685,266.711,185.124,94.8281
280.857,266.054,185.861,91.7197
253.642,267.601,190.702,90.6247
258.415,269.11,190.357,85.8758
260.479,267.454,190.048,81.1796
250.203,265.283,192.617,79.9133
258.386,263.434,202.802,80.907
241.722,265.483,213.225,82.626
234.199,270.508,217.328,83.2271
227.296,273.559,224.673,83.3471
230.638,271.795,239.696,85.6428
220.477,278.653,251.111,86.4819
216.241,285.049,259.012,85.9041
214.47,291.94,260.183,83.7346
199.986,294.618,262.442,82.4357
178.767,291.982,270.887,82.9616
191.217,294.544,266.782,80.5582
187.837,295.736,261.33,78.5142
180.199,292.269,265.6,79.2731
178.686,288.575,266.26,79.5177
183.862,287.821,262.02,77.8409
191.143,286.604,259.025,75.8057
197.671,289.213,253.169,73.0036
198.849,287.024,250.228,70.7763
201.945,287.495,247.002,68.3848
206.896,288.008,241.181,66.84
207.187,287.871,250.128,70.9375
214.632,286.98,251.775,71.2736
207.102,286.048,262.64,73.7509
202.866,286.059,274.749,75.4002
188.163,282.86,281.956,76.8578
183.37,282.063,290.287,78.3831
174.695,278.667,302.79,80.7895
169.082,281.089,310.06,80.4398
163.657,281.726,312.24,80.211
144.993,277.83,324.802,82.6335
140.327,280.659,316.579,79.9256
143.939,276.764,311.283,80.5061
153.533,276.84,302.396,79.8298
157.427,278.71,302.664,80.6044
158.208,276.791,316.822,83.568
161.828,272.505,330.143,86.6787
157.689,272.476,338.912,88.6655
135.939,273.769,339.736,89.7715
145.531,273.409,338.042,89.3377
139.46,275.456,339.117,93.5772
146.726,271.331,338.767,93.8015
155.368,269.975,344.301,96.5755
146.047,270.03,341.731,96.0981
137.627,265.905,352.839,99.356
129.097,263.937,354.254,101.951
120.661,256.671,361.174,104.135
113.367,249.236,368.545,106.674
109.985,251.723,371.707,109.211
101.393,246.268,388.034,114.495
107.817,243.229,393.657,117.573
107.852,234.384,415.94,122.943
82.4009,235.475,427.435,124.249
76.1246,233.93,441.646,127.813
68.4576,228.791,461.754,134.539
71.1593,219.494,477.984,140.583
65.0514,229.418,457.18,137.932
84.1381,227.834,454.361,139.245
100.514,222.053,447.641,138.197
99.2134,215.47,449.428,143.287
98.743,211.174,449.862,146.814
97.407,217.524,424.188,143.554
97.4985,204.958,424.482,149.266
99.5609,178.377,430.765,156.037
132.694,182.825,414.909,156.149
159.892,181.84,408.169,155.815
136.013,186.083,397.037,155.628
166.636,182.831,398.043,157.109
149.274,191.421,380.742,155.348
132.039,192.665,370.042,155.583
143.057,203.225,351.812,152.769
144.584,193.48,373.028,163.291
158.01,198.09,358.613,160.994
152.471,200.337,350.67,157.64
160.642,204.449,350.402,158.341
150.609,204.792,348.281,157.888
150.289,199.069,370.001,167.148
151.798,195.68,367.892,167.217
159.755,196.681,356.705,164.594
156.472,200.826,352.142,163.849
159.38,200.051,344.292,159.583
165.624,201.751,342.966,157.741
160.205,202.47,336.876,154.815
169.066,204.302,339.248,156.792
172.764,207.34,328.74,153.609
171.418,211.181,327.218,154.915
173.358,206.469,333.271,158.215
180.531,213.276,327.524,157.235
176.434,207.831,341.731,160.337
174.773,212.421,339.927,158.351
169.53,208.787,353.197,163.42
169.803,206.9,352.523,161.939
174.258,211.884,346.428,159.186
165.31,213.066,351.001,160.21
161.371,207.616,350.484,158.869
160.171,208.782,344.725,157.386
172.593,204.716,342.771,160.682
177.091,205.021,334.269,160.843
186.578,206.463,326.016,160.528
197.072,207.763,322.59,160.666
199.026,207.131,321.396,161.604
208.611,205.64,313.71,160.99
207.36,206.904,300.07,157.718
215.442,214.655,293.737,158.307
222.827,217.381,293.702,158.289
227.336,219.98,280.067,152.9
230.237,226.202,276.001,153.344
235.88,223.056,272.485,151.662
248.503,220.388,268.279,150.385
228.855,217.563,272.272,152.257
227.134,214.497,276.862,153.079
242.788,205.101,288.164,157.951
253.385,202.897,281.75,153.91
233.838,205.912,281.276,154.43
216.616,201.06,293.72,157.817
206.039,192.123,308.888,160.787
198.979,190.819,310.422,156.764
186.046,191.056,316.454,156.757
179.986,183.903,332.829,160.52
199.388,179.626,331.285,160.129
187.65,181.036,323.93,158.211
197.315,180.542,326.432,159.911
175.827,172.48,336.755,161.557
169.366,178.931,339.151,162.572
169.228,180.285,331.472,158.283
182.085,180.724,336.018,159.297
184.703,183.127,344.743,162.659
174.648,184.794,338.31,159.496
171.751,189.824,342.646,161.164
163.109,188.6,349.967,163.797
162.699,188.311,348.944,162.39
159.798,183.954,354.452,163.71
154.841,188.165,354.938,162.298
167.425,178.004,348.995,162.728
166.227,179.741,345.45,165.253
174.102,177.434,344.278,167
179.544,182.721,340.215,167.196
184.987,185.168,337.823,167.253
195.226,187.445,346.108,168.258
194.518,192.908,343.172,164.826
192.091,194.822,343.86,162.034
194.667,199.492,340.103,160.454
189.707,202.833,338.609,159.424
210.463,201.349,339.541,158.483
204.766,201.07,344.498,157.504
199.727,207.144,336.02,153.635
199.992,210.808,334.49,153.982
198.205,210.191,336.969,155.087
193.362,211.083,340.296,156.646
196.416,208.581,348.001,158.464
200.384,208.119,349.383,158.356
196.055,211.071,353.362,156.824
189.652,212.129,353.101,155.299
193.612,210.955,355.878,155.385
185.218,211.788,356.726,155.115
185.152,209.359,359.605,157.768
190.587,208.416,355.288,158.593
198.904,212.206,347.691,156.817
194.292,208.817,349.369,154.931
192.042,208.175,354.953,158.108
195.417,206.627,353.795,155.882
190.249,203.95,354.663,154.362
195.779,205.138,353.796,156.489
182.408,202.191,355.118,154.398
185.189,200.434,355.66,155.91
187.618,197.421,354.442,157.379
194.369,197.33,347.167,156.144
200.553,200.787,337.881,153.168
202.107,201.746,328.408,151.2
205.491,200.388,326.515,151.916
217.165,197.777,323.309,152.56
227.519,200.941,320.052,150.942
225.451,199.016,313.142,150.117
229.141,203.993,304.736,149.872
222.155,205.502,313.619,153.076
227.748,204.472,309.028,152.4
245.868,205.904,303.026,151.595
253.65,202.599,296.539,149.351
220.204,208.579,297.416,152.192
219.143,217.234,289.756,149.047
203.899,218.428,303.261,152.499
193.415,210.497,317.06,154.806
185.966,213.868,322.479,155.74
205.046,205.624,341.94,161.888
240.499,199.542,352.425,164.142
227.887,200.93,343.297,160.043
222.17,207.533,336.826,159.996
199.759,202.293,328.477,156.18
174.501,202.093,334.722,156.964
167.167,199.299,342.514,158.892
179.571,205.303,329.465,154.786
181.727,210.42,328.118,155.868
187.653,216.598,325.097,154.505
188.033,222.307,323.79,156.199
170.723,223.577,329.217,156.897
151.919,219.259,347.641,163.58
177.177,210.44,347.356,163.743
156.716,213.01,336.927,160.598
167.055,213.465,334.692,158.371
166.29,215.802,330.123,157.461
167.313,215.858,330.432,157.986
163.925,217.022,324.397,156.193
175.169,218.477,330.015,161.08
176.022,225.118,328.806,161.452
166.535,221.475,332.416,160.694
184.495,222.242,328.514,157.723
188.83,224.415,317.4,156.502
183.053,224.037,309.756,159.181
188.337,228.365,310.332,163.753
202.993,227.616,308.447,165.373
222.687,234.279,299.504,163.837
244.676,238.547,283.944,159.945
243.855,247.581,272.979,157.624
245.731,247.069,262.766,152.411
259.726,250.198,269.281,157.455
230.878,253.767,273.181,157.791
228.334,259.912,274.962,156.651
229.973,265.012,272.816,153.692
219.932,267.442,276.291,152.289
210.383,269.496,286.982,154.344
214.568,269.765,291.477,154.039
241.052,274.916,290.947,156.868
223.961,284.584,282.914,154.11
215.948,288.703,283.091,150.667
206.277,288.643,290.77,152.592
202.311,274.684,299.901,153.283
221.141,272.29,298.955,153.672
240.533,274.364,280.932,144.936
239.762,277.57,280.118,147.381
257.132,275.479,272.245,145.607
252.186,271.504,269.766,144.828
270.115,264.641,273.607,146.789
273.38,262.668,265.187,144.484
269.766,265.683,259.433,143.369
269.732,262.511,249.658,140.172
279.687,258.942,251.566,143.697
278.809,263.672,239.878,142.742
265.249,264.579,239.275,146.708
272.851,262.008,243.331,148.589
267.5,261.561,243.962,151.003
280.165,259.598,240.416,149.928
275.101,257.79,246.045,152.415
270.394,258.992,243.909,153.205
271.747,258.297,243.056,154.781
270.98,258.362,239.266,153.259
279.988,256.697,233.904,150.868
274.669,254.852,234.206,153.657
275.647,254.51,231.497,153.256
283.047,252.077,241.721,159.575
277.444,254.322,231.589,153.941
277.578,251.89,230.544,149.741
279.981,245.058,235.7,152.564
291.773,239.725,232.733,150.919
281.016,244.27,225.404,150.36
286.141,245.392,225.264,152.491
298.744,254.66,219.498,152.22
302.955,268.682,208.466,151.07
301.325,272.855,213.225,157.866
305.257,276.722,208.776,158.952
303.471,281.951,206.916,160.605
320.46,279.732,205.466,158.925
296.115,274.452,206.252,157.625
301.701,273.921,198.048,150.186
310.552,275.818,186.809,141.716
311.133,278.602,179.966,139.43
331.477,282.814,176.935,138.651
334.519,279.28,177.37,139.772
324.571,276.939,176.137,140.482
320.542,280.047,163.74,134.441
331.479,281.474,154.636,127.935
341.332,287.549,143.313,123.166
340.99,287.081,141.496,121.377
336.966,280.59,141.354,120.913
340.608,277.668,138.615,118.02
337.263,274.043,142.484,121.24
330.407,268.025,146.378,125.549
334.205,263.814,159.04,137.189
338.658,261.276,161.956,140.721
346.208,262.867,168.246,144.802
332.638,260.196,174.702,145.413
343.938,255.301,179.756,146.942
329.563,255.24,189.61,148.173
313.149,260.701,192.559,146.699
321.553,259.946,188.259,142.121
314.277,263.566,194.447,145.412
298.87,260.192,200.26,146.222
289.516,265.077,203.226,145.923
297.983,265.976,202.587,143.515
288.372,265.36,210.871,146.282
297.431,273.674,207.959,142.724
303.254,275.197,208.149,140.719
309.434,267.237,211.373,142.354
321.015,265.3,210.537,141.19
305.934,267.634,210.087,141.749
318.946,264.238,206.981,140.355
323.072,260.84,209.559,142.194
322.338,261.994,208.589,142.107
309.172,264.029,204.183,140.205
309.162,266.192,199.695,138.787
305.009,264.955,198.658,138.778
320.068,263.844,200.772,139.617
319.9,260.754,204.137,141.46
311.108,263.087,206.124,142.21
319.271,261.631,204.106,140.788
322.909,258.392,205.648,141.222
337.679,253.754,206.296,140.185
342.358,259.686,202.941,137.539
339.731,260.993,211.043,139.285
345.203,259.619,210.787,137.062
335.983,261.1,214.827,136.428
342.431,257.211,213.893,135.054
343.594,256.841,212.198,133.022
327.597,258.581,214.655,135.098
335.23,259.359,207.967,131.604
340.373,259.02,210.201,133.519
335.282,261.89,209.435,133.573
329.867,259.912,211.082,133.688
328.977,257.209,210.805,133.04
330.526,253.246,209.087,131.717
325.805,254.613,211.259,133.925
329.802,251.291,211.51,133.65
331.588,251.048,210.418,132.786
313.592,255.128,210.421,134.588
318.306,251.552,207.264,132.768
330.3,252.379,206.046,132.747
337.067,250.346,212.889,138.008
331.209,253.063,216.037,139.347
341.358,248.37,222.648,141.348
348.714,249.211,222.375,138.659
342.982,248.411,227.832,141.277
332.054,247.665,234.369,143.145
318.498,253.175,229.812,139.424
314.448,250.633,226.516,136.281
311.271,249.297,227.281,137.695
299.883,252.172,224.374,137.379
297.792,257.943,219.087,135.945
297.938,257.918,218.3,136.258
298.667,257.509,216.77,136.257
301.473,258.153,212.366,134.745
302.659,257.34,209.43,133.421
309.971,255.506,208.637,134.033
310.485,255.499,207.007,135.31
313.361,254.999,206.969,136.825
320.906,253.098,205.024,136.835
333.858,248.913,204.114,135.497
332.291,246.881,203.348,134.44
324.425,248.163,205.799,136.563
329.33,249.784,201.079,134.225
333.275,249.896,201.95,134.065
331.975,246.716,201.896,133.437
336.305,244.565,203.852,134.632
347.39,244.204,204.844,134.659
332.065,244.822,220.401,141.483
349.942,234.279,229.019,142.699
343.633,234.788,228.432,141.038
344.867,235.813,227.608,138.443
334.001,237.763,235.018,141.003
336.844,235.998,235.246,140.001
330.326,239.531,232.02,136.787
323.907,237.899,234.324,137.738
329.822,235.659,234.426,136.778
318.97,239.415,234.149,136.962
316.333,238.826,237.36,139.094
322.538,237.857,236.86,138.588
321.986,236.981,238.344,137.901
323.766,233.932,240.792,137.212
326.242,233.6,241.702,136.43
337.073,227.181,239.448,132.676
335.469,231.398,245.851,135.358
341.04,228.351,252.242,136.226
316.102,227.417,255.602,136.255
308.771,227.526,260.701,136.945
311.107,220.163,268.933,139.046
274.716,228.356,270.684,138.46
269.175,233.927,261.778,143.607
258.454,238.223,252.658,144.782
241.001,240.275,247.704,143.598
245.396,224.699,251.25,143.513
261.072,224.799,254.807,146.951
285.368,231.013,242.706,145.33
297.998,230.377,238.012,145.149
297.94,232.08,235.499,148.071
303.471,230.395,231.865,148.658
316.753,231.201,226.9,148.77
318.741,234.108,218.845,149.275
306.478,234.552,217.946,149.912
307.878,231.524,222.591,152.749
312.111,229.091,223.982,151.953
315.962,222.797,228.078,152.351
311.109,221.492,226.06,150.105
332.054,215.553,228.789,153.988
296.701,220.313,215.594,151.248
293.567,221.454,209.171,146.753
300.379,220.301,202.645,143.09
304.268,222.873,196.433,140.777
296.229,226.544,196.22,139.778
291.992,218.444,198.241,137.348
295.299,223.392,197.334,138.558
297.927,217.535,203.118,142.297
299.783,223.269,197.128,140.961
297.956,221.225,198.471,138.167
296.179,222.64,199.512,137.47
326.198,204.025,205.359,139.823
313.884,206.287,212.926,146.044
315.732,197.418,221.842,152.251
316.515,195.385,222.978,153.101
318.505,193.339,222.379,152.865
315.002,193.679,221.321,152.166
318.592,193.131,220.193,152.091
340.05,189.342,223.023,155.537
354.663,187.116,219.729,156.207
277.763,187.46,225.163,169.664
305.831,180.93,221.228,168.018
327.468,175.408,224.294,171.143
288.281,194.165,212.443,165.523
312.558,183.4,210.847,164.207
321.677,184.319,213.634,167.29
323.36,188.343,216.782,169.445
319.238,192.748,214.138,165.107
323.229,199.555,203.878,158.565
314.897,203.437,205.832,158.221
311.347,205.304,208.853,159.561
314.257,204.4,211.995,161.562
313.323,203.306,214.874,161.129
303.611,204.226,218.019,161.474
302.877,199.962,219.326,161.867
301.549,203.545,212.875,159.649
300.944,204.559,218.027,162.554
309.019,197.819,221.563,162.196
309.861,202.736,214.114,158.055
305.439,201.282,217.398,158.478
314.117,199.678,221.685,159.713
309.607,199.595,218.357,157.708
309.962,199.863,216.009,156.223
313.621,202.066,216.252,155.925
305.986,198.195,215.988,154.383
317.8,198.9,216,154.443
323.848,195.702,216.245,154.864
323.394,200.032,212.708,153.915
331.714,197.023,208.062,151.364
314.534,199.327,212.065,157.477
308.382,200.956,214.537,157.401
314.543,197.804,218.743,158.934
314.204,205.278,210.884,154.542
307.776,203.813,213.352,155.669
317.414,201.034,213.576,157.558
312.577,200.784,212.637,155.887
311.564,200.252,214.671,156.6
320.458,198.271,215.43,157.682
315.411,198.955,211.412,154.942
316.685,199.245,212.855,155.899
313.093,199.78,216.671,158.043
318.221,198.461,218.427,158.716
311.056,198.292,215.999,157.026
309.686,204.175,210.983,154.258
304.372,203.85,214.002,156.7
310.389,198.139,217.087,158.137
307.035,201.152,215.963,157.886
303.771,201.649,213.145,156.836
319.836,197.651,214.067,157.943
324.756,191.341,217.729,160.672
326.076,192.016,218.212,160.847
289.728,197.715,215.684,161.197
287.208,194.969,207.823,154.79
296.731,198.179,197.084,147.863
297.325,197.54,195.098,146.922
303.942,200.715,191.432,144.004
303.686,201.559,191.962,143.531
314.361,201.91,188.863,142.937
320.937,202.494,186.19,142.07
320.072,203.268,185.184,142.944
323.757,206.951,182.734,144.155
325.721,207.993,177.635,141.796
332.184,208.862,176.722,143.101
326.487,216.943,167.246,138.121
327.894,221.604,158.558,132.98
329.061,222.819,157.732,133.983
328.836,224.07,155.765,133.657
329.384,222.049,155.26,135.093
333.806,225.485,151.306,135.474
339.458,227.54,147.403,135.044
338.768,222.754,146.958,135.804
343.203,224.182,143.711,134.929
345.61,227.823,141.69,136.07
343.572,222.262,144.222,141.781
346.64,215.721,144.949,146.399
349.124,216.178,143.733,149.058
351.973,213.871,146.136,156.346
356.291,213.049,144.839,159.638
361.277,210.81,144.155,164.768
362.798,212.224,142.312,168.221
371.78,215.311,138.501,167.824
370.066,224.577,128.755,159.104
365.716,226.994,122.927,154.48
366.627,230.373,119.58,152.963
372.961,229.419,119.735,154.007
378.874,235.137,115.492,151.012
378.139,229.492,118.99,158.833
377.391,227.195,119.065,162.44
374.058,227.323,116.924,165.36
375.807,229.972,115.484,169.767
376.181,230.29,112.637,169.227
378.262,230.532,110.622,171.899
380.408,230.173,108.652,173.739
383.107,227.585,106.114,174.943
385.38,225.973,104.306,176.724
388.338,229.859,101.12,177.482
393.388,221.563,100.669,180.934
398.362,218.652,98.5208,182.74
403.879,218.374,96.1257,184.837
408.658,213.928,95.5469,186.438
406.046,214.332,95.891,190.388
399.821,210.175,97.7618,199.704
413.318,201.301,94.8447,203.23
408.586,207.427,92.7868,210.179
421.06,201.709,88.4373,212.459
430.033,203.263,81.6095,210.25
432.747,214.467,73.3115,207.085
441.08,219.789,66.9905,205.243
448.74,222.627,65.5319,209.878
442.25,219.748,63.4692,211.278
439.437,151.823,72.1619,222.827
421.561,111.88,72.5747,229.972
421.975,118.676,67.0308,223.529
426.981,127.081,62.0387,207.39
436.559,135.999,68.2766,214.94
432.264,118.416,70.5075,213.848
396.753,83.6371,101.795,286.303
400.426,10.0311,104.567,298.105
405.532,-0.954407,107.928,322.547
412.387,-31.423,109.35,334.59
417.783,-13.1392,109.953,351.268
426.75,-49.8332,111.393,358.052
432.238,-68.7012,114.223,374.457
438.355,-100.491,118.399,395.042
442.69,-123.22,121.46,412.361
448.956,-128.779,123.112,430.445
456.118,-143.345,124.762,447.465
460.262,-165.274,127.841,462.847
462.217,-236,134.62,497.13
458.098,-78.7903,146.545,518.289
458.335,-3.56616,145.587,455.052
399.734,16.4508,204.577,558.49
289.264,77.5048,219.607,563.575
250.15,51.9983,209.581,526.835
235.344,35.3441,221.706,508.474
236.652,71.275,225.489,483.939
227.243,83.0684,233.203,471.082
216.784,26.208,259.203,494.017
212.2,19.1889,251.281,475.007
222.733,34.3226,234.637,449.831
233.384,5.03143,228.05,438.138
234.648,-42.4047,230.104,445.66
229.263,-35.2838,234.077,458.904
230.869,-3.43488,227.688,454.592
238.621,-16.7668,225.587,449.159
236.732,-23.0184,225.729,450.793
233.044,-67.3919,234.292,472.762
222.905,-77.0006,238.855,479.546
226.86,-61.5025,236.552,483.602
236.196,-9.08746,221.883,465.616
245.453,20.4017,221.576,447.483
254.082,24.1649,211.437,429.544
252.677,29.1302,212.606,423.585
241.134,14.3883,224.084,432.586
250.141,42.3861,211.246,404.469
238.937,38.2386,215.422,407.822
237.683,26.3912,214.603,403.124
243.178,22.6146,216.957,403.863
237.616,30.5815,225.319,406.607
237.473,45.1537,217.94,387.512
220.831,26.0721,234.375,403.548
227.937,49.0975,223.72,383.956
239.774,24.6014,220.452,384.724
241.378,40.744,209.119,369.442
232.626,29.4466,211.602,375.801
244.841,47.457,211.816,378.222
229.704,23.1664,232.38,409.528
248.384,49.766,215.804,382.331
243.402,56.3777,222.481,386.905
243.182,32.4507,238.63,407.704
259.246,106.909,240.466,412.343
211.55,122.098,260.747,439.265
185.38,139.821,273.664,425.861
189.88,171.019,277.899,406.224
163.647,178.935,296.212,393.948
145.263,207.189,303.277,367.293
142.872,228.11,304.69,342.729
153.395,251.724,295.772,309.102
152.851,277.934,291.169,283.781
151.312,294.414,301.421,271.145
126.45,317.621,314.919,258.907
126.888,329.633,322.429,237.625
104.381,328.923,347.733,237.993
96.7201,337.063,360.333,228.077
91.6061,359.109,362.029,215.205
73.5971,377.91,362.209,194.031
80.1881,409.099,353.915,167.966
95.5862,431.009,323.148,142.196
116.969,448.223,299.439,123.916
131.517,458.994,283.011,112.149
137.609,466.893,275.477,105.79
144.492,472.489,265.343,98.6581
154.091,476.99,264.004,95.0512
157.829,479.801,263.174,91.4835
160.374,485.317,265.163,89.4826
168.217,489.076,261.018,85.8458
175.276,488.721,265.18,84.4645
173.814,491.936,270.27,83.5626
174.77,496.088,271.973,82.3501
179.125,494.842,271.988,79.9954
187.878,495.598,273.882,78.5459
190.343,497.805,281.214,79.1736
196.091,498.054,282.656,77.5936
199.314,497.31,282.244,75.7508
201.701,497.529,286.249,75.0341
206.846,500.369,283.973,73.7198
208.705,500.812,281.872,72.1493
210.677,501.619,286.291,72.4539
209.318,499.204,291.227,72.3205
205.814,498.362,291.554,71.2619
202.073,498.178,296.773,71.5995
196.967,495.352,293.618,69.7142
199.175,495.12,295.593,69.3667
190.81,493.588,294.51,68.2973
198.209,495.227,289.265,66.3922
194.121,496.267,292.101,66.3854
190.888,495.258,291.57,65.6517
198.392,496.119,291.639,65.2949
195.823,497.774,294.373,65.6699
195.408,499.996,297.832,65.8791
193.887,499.953,297.354,65.162
195.55,500.125,298.419,64.7595
196.415,500.503,304.408,65.4377
191.717,495.066,306.297,65.052
196.458,493.819,315.344,66.1982
197.567,492.491,322.031,66.7684
195.911,489.603,331.762,67.9706
193.742,488.294,338.931,69.1077
198.33,486.288,350.154,71.2239
205.522,484.833,362.708,72.9824
216.961,481.552,378.838,75.215
222.102,481.412,388.282,76.0303
233.907,482.987,388.533,75.6444
235.677,483.883,394.162,75.8818
228.103,483.793,404.348,75.8005
236.399,485.155,407.89,75.904
234.038,485.338,422.889,77.0783
223.048,484.632,434.411,78.1708
199.874,483.527,451.257,81.0666
210.376,486.858,441.427,79.7944
205.637,483.852,464.892,83.1306
211.333,476.965,480.378,84.5178
179.944,477.276,507.545,88.6365
179.564,476.951,503.815,87.0376
167.988,478.834,500.763,87.2902
125.216,478.317,475.76,83.5617
126.036,479.908,454.002,81.1646
136.044,482.303,435.598,79.3624
142.275,483.361,420.643,77.3453
150.615,483.952,409.356,75.6808
149.966,486.331,402.618,75.0279
155.813,487.516,391.926,73.4331
156.25,486.043,381.817,71.4989
161.812,487.74,365.215,68.2592
169.386,489.752,351.519,65.2198
173.855,491.439,341.581,62.8374
174.887,492.255,333.471,60.5558
182.501,497.844,324.783,58.421
176.89,502.356,320.086,56.7842
179.747,501.386,318.861,55.7171
183.622,503.882,317.012,54.6452
186.88,507.988,317.319,53.9473
184.399,510.922,313.75,52.6807
191.115,514.938,309.286,51.4426
187.85,517.439,310.724,51.2303
190.681,521.274,308.315,50.4827
184.003,519.857,308.317,50.1624
184.683,520.209,313.591,50.4564
183.847,521.251,315.353,50.1008
180.644,520.518,326.644,51.5771
174.024,519.813,341.26,53.871
167.84,518.856,344.082,54.1502
170.796,519.412,358.868,56.7086
166.82,519.063,368.262,58.3315
167.094,512.322,381.36,59.9346
166.428,511.729,394.88,62.2653
167.938,508.655,410.627,64.659
167.3,504.216,426.675,67.7708
176.676,498.219,451.148,71.8771
197.399,493.128,473.418,74.614
206.047,491.37,499.555,77.9253
223.934,488.992,527.914,80.803
215.448,492.399,537.757,79.9234
209.334,489.983,571.823,82.9528
226.576,489.045,587.621,82.2153
219.748,488.488,588.8,80.338
231.187,486.399,572.922,76.9206
222.241,485.115,583.976,77.8397
238.42,485.727,586.747,77.0059
256.447,483.253,586.488,76.1987
270.963,482.843,578.976,74.0558
284.058,482.433,558.065,70.4791
302.167,483.11,551.306,69.147
318.105,484.524,529.919,66.2445
332.814,486.122,506.984,63.0805
339.751,488.039,496.375,61.1681
349.18,488.776,481.054,58.7488
358.594,489.091,479.657,58.0682
357.813,490.158,463.016,55.6575
357.301,491.611,457.659,54.6803
358.654,492.357,459.7,54.5705
358.564,492.248,461.651,54.4887
354.103,490.555,463.4,54.1745
357.685,490.288,463.208,53.8719
338.091,490.2,485.292,55.9423
333.754,489.597,494.209,56.4692
333.156,488.355,508.595,58.0218
332.1,483.953,544.855,62.0155
330.798,481.819,567.96,64.0682
335.079,481.617,579.282,64.4489
318.718,475.988,615.729,66.1893
325.613,470.088,647.892,68.3257
344.367,469.223,645.792,66.1173
337.784,471.467,643.919,64.5544
366.194,465.088,670.99,65.5536
360.427,460.257,693.915,65.4709
351.542,459.538,723.294,65.6264
335.924,461.924,733.473,63.4284
347.128,461.105,748.989,62.5389
377.092,457.465,770.566,62.058
384.547,453.894,797.164,62.4356
366.251,454,827.976,62.4736
391.788,449.712,859.389,62.6459
372.984,451.981,869.663,61.3021
357.108,453.764,885.899,60.4183
363.074,455.587,888.595,58.9496
338.389,457.875,897.398,58.3061
336.578,458.743,911.33,58.5763
350.193,458.611,940.636,59.7221
338.652,458.873,976.097,60.5369
317.949,460.097,1009.77,61.3218
332.062,457.659,1074.16,63.2785
351,460.017,1116.08,61.9516
342.984,454.202,1234.35,63.2806
361.916,455.416,1276.41,61.4897
359.457,448.441,1458.81,64.9186
384.74,445.791,1528.63,64.2088
412.576,451.379,1587.57,63.1356
352.831,453.387,1654.82,59.7923
380.963,454.613,1742.94,57.6175
475.935,457.156,1812.69,54.4443
197.949,465.576,2092.01,49.9633
167.628,445.328,2477.3,54.0312
505.52,448.481,2676.61,54.5657
426.727,451.611,2908.77,53.4637
324.58,437.112,3103.28,53.3399
168.367,432.73,3360.41,48.2052
-122.295,433.843,3444.66,45.6734
-1129.55,429.552,3981.55,50.4521
Tracking failure detected
Tracking failure detected
Tracking failure detected
Tracking failure detected
Tracking failure detected
Tracking failure detected
Tracking failure detected
Tracking failure detected
Tracking failure detected
Tracking failure detected
Tracking failure detected
Tracking failure detected
Tracking failure detected
Tracking failure detected
Tracking failure detected
Tracking failure detected
Tracking failure detected
Tracking failure detected
Tracking failure detected
Tracking failure detected
Tracking failure detected
Tracking failure detected
Tracking failure detected
Tracking failure detected
Tracking failure detected
Tracking failure detected
Tracking failure detected
Tracking failure detected
Tracking failure detected
Tracking failure detected
Tracking failure detected
Tracking failure detected
Tracking failure detected
Tracking failure detected
Tracking failure detected
Tracking failure detected
Tracking failure detected
Tracking failure detected
Tracking failure detected
Tracking failure detected
Tracking failure detected
Tracking failure detected
Tracking failure detected
Tracking failure detected
Tracking failure detected
Tracking failure detected
Tracking failure detected
Tracking failure detected
Tracking failure detected
Tracking failure detected
Tracking failure detected
Tracking failure detected
Tracking failure detected
Tracking failure detected
Tracking failure detected
Tracking failure detected
Tracking failure detected
Tracking failure detected
Tracking failure detected
Tracking failure detected
Tracking failure detected
Tracking failure detected
Tracking failure detected
Tracking failure detected
Tracking failure detected
Tracking failure detected
Tracking failure detected
Tracking failure detected
Tracking failure detected
Tracking failure detected
Tracking failure detected
Tracking failure detected
Tracking failure detected
Tracking failure detected
Tracking failure detected
Tracking failure detected
Tracking failure detected
Tracking failure detected
Tracking failure detected
Tracking failure detected
Tracking failure detected
Tracking failure detected
Tracking failure detected
Tracking failure detected
Tracking failure detected
Tracking failure detected
Tracking failure detected
Tracking failure detected
Tracking failure detected
Tracking failure detected
Tracking failure detected
Tracking failure detected
Tracking failure detected
Tracking failure detected
Tracking failure detected
Tracking failure detected
Tracking failure detected
Tracking failure detected
Tracking failure detected
Tracking failure detected
Tracking failure detected
Tracking failure detected
Tracking failure detected
Tracking failure detected
Tracking failure detected
Tracking failure detected
Tracking failure detected
Tracking failure detected
Tracking failure detected
Tracking failure detected
Tracking failure detected
Tracking failure detected
Tracking failure detected
Tracking failure detected
Tracking failure detected
Tracking failure detected
Tracking failure detected
Tracking failure detected
Tracking failure detected
Tracking failure detected
Tracking failure detected
Tracking failure detected
Tracking failure detected
Tracking failure detected
Tracking failure detected
Tracking failure detected
Tracking failure detected
Tracking failure detected
Tracking failure detected
Tracking failure detected
Tracking failure detected
Tracking failure detected
Tracking failure detected
Tracking failure detected
Tracking failure detected
Tracking failure detected
Tracking failure detected
Tracking failure detected
Tracking failure detected
Tracking failure detected
Tracking failure detected
Tracking failure detected
Tracking failure detected
Tracking failure detected
Tracking failure detected
Tracking failure detected
Tracking failure detected
Tracking failure detected
Tracking failure detected
Tracking failure detected
Tracking failure detected
Tracking failure detected
Tracking failure detected
Tracking failure detected
Tracking failure detected
Tracking failure detected
Tracking failure detected
Tracking failure detected
Tracking failure detected
Tracking failure detected
Tracking failure detected
Tracking failure detected
Tracking failure detected
Tracking failure detected
Tracking failure detected
Tracking failure detected
Tracking failure detected
Tracking failure detected
Tracking failure detected
Tracking failure detected
Tracking failure detected
Tracking failure detected
Tracking failure detected
Tracking failure detected
Tracking failure detected
Tracking failure detected
Tracking failure detected
Tracking failure detected
Tracking failure detected
Tracking failure detected
Tracking failure detected
Tracking failure detected
Tracking failure detected
Tracking failure detected
Tracking failure detected
Tracking failure detected
Tracking failure detected
Tracking failure detected
Tracking failure detected
Tracking failure detected
Tracking failure detected
Tracking failure detected
Tracking failure detected
Tracking failure detected
Tracking failure detected
Tracking failure detected
Tracking failure detected
Tracking failure detected
Tracking failure detected
Tracking failure detected
Tracking failure detected
Tracking failure detected
Tracking failure detected
Tracking failure detected
Tracking failure detected
Tracking failure detected
Tracking failure detected
Tracking failure detected
Tracking failure detected
Tracking failure detected
Tracking failure detected
Tracking failure detected
Tracking failure detected
Tracking failure detected
Tracking failure detected
Tracking failure detected
Tracking failure detected
Tracking failure detected
Tracking failure detected
Tracking failure detected
Tracking failure detected
Tracking failure detected
Tracking failure detected
Tracking failure detected
Tracking failure detected
Tracking failure detected
Tracking failure detected
Tracking failure detected
Tracking failure detected
Tracking failure detected
Tracking failure detected
Tracking failure detected
Tracking failure detected
Tracking failure detected
Tracking failure detected
Tracking failure detected
Tracking failure detected
Tracking failure detected
Tracking failure detected
Tracking failure detected
Tracking failure detected
Tracking failure detected
Tracking failure detected
Tracking failure detected
Tracking failure detected
Tracking failure detected
Tracking failure detected
Tracking failure detected
Tracking failure detected
Tracking failure detected
Tracking failure detected
Tracking failure detected
Tracking failure detected
Tracking failure detected
Tracking failure detected
Tracking failure detected
Tracking failure detected
Tracking failure detected
Tracking failure detected
Tracking failure detected
Tracking failure detected
Tracking failure detected
Tracking failure detected
Tracking failure detected
Tracking failure detected
Tracking failure detected
Tracking failure detected
Tracking failure detected
Tracking failure detected
