662,137,31,67
662.195,126.022,32.9019,68.48
661.84,120.039,33.2884,66.1744
659.678,127.428,32.6737,62.0269
656.965,134.162,31.327,58.4205
654.047,137.536,29.8028,54.6526
648.645,130.176,30.5785,56.6025
643.363,125.914,29.755,55.1413
640.78,124.348,28.0325,51.7991
640.145,128.719,26.6236,48.8018
639.32,132.731,25.5603,46.4586
638.648,135.538,25.0468,45.0898
638.299,135.743,24.4987,43.4995
637.136,129.254,23.8538,41.8392
633.956,125.154,23.4656,40.6815
629.789,123.73,22.9485,39.7207
624.133,128.116,22.8131,39.5779
619.601,138.385,22.5893,39.4189
617.998,143.113,21.8499,37.8502
616.098,150.891,21.179,36.4878
615.391,153.1,21.7344,36.4056
616.48,151.542,21.4338,35.6945
618.102,151.883,22.1497,36.1133
621.426,150.773,22.1004,35.7017
623.066,149.707,21.8016,34.8016
624.395,147.11,21.4507,34.1126
624.875,146.468,21.1894,33.5653
625.597,140.233,20.5836,32.5743
626.744,135.281,19.7497,31.1973
628.031,130.621,19.9604,31.4015
628.184,134.3,19.9951,31.1046
629.198,142.426,19.4522,29.9981
629.992,139.243,19.0753,29.4003
630.51,142.94,19.0184,28.8211
634.389,158.49,20.443,30.3697
633.705,161.216,20.2959,29.7771
633.354,153.777,19.9719,28.9025
633.496,147.009,19.4676,27.4656
633.525,141.783,18.8639,26.1511
633.568,137.219,18.3537,24.7087
633.823,134.069,17.6921,23.9093
633.312,132.993,17.7993,23.7161
631.836,129.283,18.2007,23.149
631.028,126.895,18.0487,22.3212
631.334,128.01,17.7634,21.9964
631.676,129.245,17.4878,21.5532
631.123,132.529,17.7103,21.53
631.557,136.884,18.074,21.7462
632.317,137.707,17.7928,21.4993
633.079,136.476,17.479,21.4351
634.047,136.111,17.3851,21.6079
635.69,138.659,17.6197,21.8007
637.887,141.858,18.1909,22.0487
638.283,142.7,17.7529,21.6104
638.327,142.226,17.5246,21.4057
638.452,141.55,17.2343,21.1445
638.812,144.101,17.2023,20.8862
638.271,147.567,17.2919,20.7512
638.726,151.255,17.1696,20.4289
640.35,155.852,17.1058,19.9975
641.712,157.473,16.6302,19.4478
642.103,157.193,16.1919,19.0495
642.121,157.43,15.9913,18.7868
640.608,156.831,15.8178,18.288
640.852,157.238,15.4022,17.8251
641.491,157.412,15.1119,17.4426
644.302,157.416,15.122,17.6178
648.027,159.122,14.9591,17.5756
650.406,162.154,15.5684,18.1643
651.507,161.938,15.7027,18.665
652.171,159.442,14.6625,17.9953
652.328,160.619,13.2726,17.0868
653.253,160.208,12.6692,17.0503
653.948,159.817,11.1461,16.0091
653.86,159.849,10.573,15.7686
655.546,156.215,11.977,16.3363
654.261,157.539,12.8554,17.2416
653.966,162.713,13.0541,17.7198
655.6,159.104,11.8521,17.8746
655.528,163.654,13.7598,20.0135
652.997,169.069,14.5967,20.7423
654.794,171.4,14.8711,20.9082
657.214,168.401,15.632,21.9083
661.211,164.528,16.5062,22.9438
663.919,161.845,17.1381,24.2675
663.225,159.655,16.8142,24.2721
663.637,158.462,16.3279,23.044
663.935,155.582,16.6452,23.3047
664.531,154.089,15.9679,23.0305
664.773,152.47,15.5213,22.9376
664.363,150.501,15.9839,23.316
664.251,143.179,18.1114,25.2976
663.492,146.817,19.4218,26.973
662.76,151.336,19.3239,26.7252
662.469,152.794,20.4397,27.1579
661.264,151.436,21.5795,27.7298
658.72,153.341,22.4164,27.8305
655.764,152.499,24.7778,29.5502
653.93,151.322,26.2962,30.6925
652.911,153.139,26.3795,30.7805
650.883,155.133,26.303,30.8259
648.428,156.772,25.7995,30.8557
646.788,158.125,24.4585,30.346
645.182,157.513,23.6647,30.3439
643.982,158.961,22.6796,30.0077
643.543,160.646,21.7612,29.6688
645.377,162.26,20.3582,29.7188
649.249,164.388,19.3574,29.4328
651.266,164.763,19.9177,30.5136
651.656,168.439,19.6416,30.2356
653.225,169.845,20.034,31.1113
656.035,169.612,21.1006,33.4878
655.819,170.629,22.9656,37.5888
655.701,174.876,24.3021,40.7418
655.46,178.256,26.0459,45.8809
653.838,182.143,28.349,52.2727
651.305,179.07,28.5845,52.9998
649.451,175.549,28.7116,53.59
647.141,177.987,28.8379,55.0896
647.468,176.283,28.7767,54.9192
646.985,172.963,28.8547,55.2722
647.267,171.424,29.0413,55.6815
647.06,173.464,29.6974,56.8742
647.783,168.693,30.4902,58.0519
646.578,167.495,31.1029,59.0305
647.46,166.605,31.6276,59.47
648.035,165.314,32.7282,61.1072
648.183,165.522,34.1713,64.0307
649.189,164.103,35.6186,66.4524
649.559,161.677,37.9134,69.9563
649.262,158.687,39.9846,73.5945
646.681,157.594,42.1207,77.2725
646.984,152.509,44.4553,80.1758
640.792,145.755,45.6638,81.2488
638.748,143.75,45.3071,80.2022
638.828,141.173,44.6682,78.4267
639.597,137.056,44.744,77.7282
640.028,135.218,45.1301,78.0123
640.12,134.711,45.7763,79.1263
639.947,134.403,46.1974,79.8037
639.093,134.759,47.5501,82.3545
637.505,135.045,48.5755,84.5595
637.604,136.412,50.0286,87.4381
637.466,136.637,51.159,89.8305
638.099,136.423,52.1418,91.8649
638.438,140.405,52.3184,92.279
637.182,137.863,53.6596,94.8111
635.099,139.071,53.6785,95.8689
635.472,140.681,53.8672,96.6484
633.829,140.622,54.4066,98.9564
633.162,143.431,55.1485,100.987
634.123,146.308,55.6501,102.166
635.613,147.696,55.7167,102.972
636.444,147.994,56.1294,104.192
636.432,148.597,56.1184,104.714
638.15,143.605,54.8475,102.489
638.709,142.997,53.5497,98.4887
641.053,142.544,52.4182,94.8137
640.332,146.597,51.2952,90.0196
640.604,142.788,51.3629,88.0402
639.234,144.706,49.5625,83.0531
639.418,147.904,48.873,79.0572
639.655,147.395,46.6706,73.807
636.892,147.755,46.1623,70.0277
637.317,148.013,47.3455,70.8709
637.299,149.16,47.0716,69.0626
634.499,145.878,48.0744,68.7644
630.193,145.538,49.9748,69.8506
630.43,142.207,52.057,70.1177
632.637,135.361,56.1118,74.4235
633.514,132.878,57.0306,73.6302
633.195,140.771,56.1196,72.1188
634.1,139.133,58.0954,72.3474
636.132,135.053,58.8881,73.067
635.583,134.371,63.8618,77.3299
638.13,128.56,64.0349,76.3274
640.727,122.797,66.0254,78.9047
639.926,122.513,67.8227,79.7488
637.488,118.378,71.3141,82.9854
634.581,115.884,74.3269,86.4482
636.445,111.946,77.0292,89.4848
643.235,109.951,78.9973,91.4138
639.336,117.487,83.2907,94.8622
643.353,113.497,84.7208,95.1214
639.04,113.881,85.3387,95.6624
641.42,107.334,85.932,96.0682
640.376,109.978,87.4681,97.3969
642.16,100.428,88.6133,97.5847
645.058,100.741,90.0739,98.6777
649.772,96.9551,89.1578,97.9521
647.086,101.785,88.6226,97.3689
