259,109,120,97
231.253,102.087,135.592,112.246
221.816,101.386,136.315,115.866
211.887,97.3472,134.28,117.771
212.75,88.7349,132.222,117.635
209.562,73.7376,129.322,116.651
206.133,72.5064,125.975,113.105
207.538,76.2321,124.339,111.007
209.704,78.1875,122.749,109.418
203.316,76.0421,122.542,110.49
206.36,70.0598,122.526,111.372
207.771,67.2052,122.911,111.574
206.461,69.2008,122.486,111.051
207.187,68.111,122.552,111.069
207.667,68.1853,122.502,110.839
208.615,67.9892,123.223,110.769
207.71,68.1199,124.159,111.167
207.09,68.559,126.623,112.582
206.697,69.9629,129.219,114.093
201.366,69.0706,132.202,116.638
200.99,68.026,135.38,118.972
198.949,69.3995,137.948,120.705
194.8,67.3834,139.99,122.757
189.804,65.1809,144.343,126.869
191.414,67.5741,146.691,128.943
187.602,68.1201,148.607,131.19
182.073,70.824,152.002,134.921
176.189,64.3853,156.414,139.689
168.445,60.6985,162.974,145.371
164.112,55.3755,171.489,152.418
157.24,53.611,179.969,160.67
154.763,51.4391,190.477,170.522
133.038,53.6426,204.461,183.038
121.532,47.0108,220.423,195.821
105.2,38.926,233.06,205.586
94.8175,32.6587,253.134,217.954
80.8355,36.1067,265.875,224.637
62.649,27.0411,279.16,231.264
64.5255,19.3636,282.345,231.269
66.5132,26.3116,277.783,225.419
73.9377,17.4853,262.785,214.204
52.8021,29.6111,264.156,214.538
72.869,32.6624,261.559,210.565
59.3749,34.9991,261.694,209.592
67.7961,34.8922,260.627,206.951
55.7092,31.7759,264.836,209.282
48.1927,27.4771,266.551,209.113
59.0674,28.8641,262.037,205.742
56.2014,34.0038,269.753,210.47
47.8934,27.4301,277.349,215.286
25.6911,23.5641,284.922,218.908
31.0146,17.2267,284.013,217.04
42.7452,30.6566,283.338,216.081
38.4927,24.0937,279.219,214.057
39.1766,35.5222,278.396,214.819
41.9232,40.4202,274.866,212.748
33.2054,45.317,279.742,216.154
56.1033,45.9447,275.359,216.156
74.6406,51.7928,261.489,211.845
76.41,64.0267,247.415,205.69
85.5211,63.1223,237.427,202.611
71.9419,72.2971,226.457,199.285
72.6622,74.365,215.144,192.745
70.7045,77.3232,208.417,188.83
62.5039,76.4561,203.717,184.667
59.1076,73.4706,201.25,182.368
55.1649,74.1928,197.772,179.214
49.3824,75.0384,195.201,175.988
40.4284,79.5138,191.088,170.399
34.5161,82.8409,190.871,167.816
29.201,90.0517,186.925,162.72
21.705,91.3712,183.733,158.04
18.4001,94.3113,185.394,156.627
10.9917,93.1511,186.8,155.119
5.0321,96.0032,191.292,155.866
2.13205,95.4611,190.494,152.559
-2.79227,94.6653,191.038,150.753
-5.96268,94.0738,193.241,150.511
-14.8751,91.9471,193.107,149.233
-25.9841,90.397,200.499,152.274
-15.6309,89.875,195.301,149.242
-7.39185,90.5296,185.823,142.928
-11.2785,96.2848,183.615,140.393
-11.72,96.9128,180.451,137.79
-11.5927,99.8238,177.72,135.765
-21.5406,95.1539,190.144,142.513
-26.5086,87.3919,198.705,150.196
-39.362,82.9435,203.772,156.868
-41.5392,73.3752,226.429,174.306
-49.7904,55.2874,238.328,190.538
-29.7117,38.3874,235.357,193.569
3.76685,30.9339,219.623,188.973
42.2065,17.8794,204.647,183.898
39.4947,39.281,197.11,177.625
49.6884,41.4618,192.124,172.235
45.2153,39.2112,199.681,176.412
52.3285,23.3528,204.843,182.155
52.1035,39.0034,189.321,173.875
32.9012,46.307,189.637,174.486
31.9206,30.8934,185.042,176.269
32.2212,26.8388,178.003,176.894
19.5474,38.1833,168.499,175.485
20.2269,36.8423,163.567,177.088
18.1234,48.9789,163.824,181.702
20.7913,36.4342,163.923,185.999
16.9138,43.6935,162.099,188.844
18.7961,39.4921,161.818,191.101
18.7628,47.1636,162.647,195.416
20.9231,42.0071,161.615,196.663
20.306,41.6266,163.568,201.635
16.386,38.4684,164.571,205.605
19.7844,28.7571,161.279,203.492
19.3466,44.8619,157.784,201.881
19.3445,44.0957,156.423,202.247
19.2517,43.8657,152.807,201.183
19.47,47.6857,153.079,203.2
18.433,41.1823,153.32,205.114
20.0736,51.0872,153.194,206.395
17.6512,51.0897,153.24,208.248
16.7912,46.5421,153.992,210.496
19.2758,48.0797,152.452,209.195
22.3004,53.8418,150.308,208.678
20.9878,51.4893,147.827,208.468
22.3565,53.7714,146.967,208.65
18.611,53.102,149.606,211.688
17.8794,54.4188,151.444,212.294
16.1985,55.258,152.524,212.561
15.2245,53.6328,156.044,214.911
11.513,55.3204,160.934,218.45
8.93289,57.6439,160.307,216.022
10.6229,58.6051,163.485,219.111
7.33664,59.6963,162.368,215.876
8.87344,59.5308,164.174,217.722
6.58377,62.4132,166.163,219.415
1.93341,66.0041,166.925,218.698
5.12552,64.8308,167.156,215.341
3.81561,62.6555,167.228,215.224
10.9326,74.5725,168.678,216.143
12.1714,64.7137,164.802,211.241
12.5685,72.2359,164.44,211.212
7.92929,64.8244,161.269,208.934
6.96054,76.3704,157.861,205.465
9.00647,67.8898,152.023,199.58
10.7336,66.6273,151.469,201.323
8.50397,73.7726,150.697,202.743
4.16193,84.2875,147.58,202.105
3.38766,56.2729,145.276,199.069
9.60028,70.7294,142.505,199.916
10.3225,76.0017,144.436,205.107
3.13171,80.3178,145.563,207.612
0.856323,83.6407,146.543,211.349
-1.5867,83.5302,146.867,212.425
-3.03381,78.9297,145.64,210.86
-2.81842,64.4902,148.35,215.062
-2.13635,77.9654,149.291,219.703
0.564697,74.8368,150.345,220.932
3.23602,74.3426,144.361,215.344
0.481445,80.0176,144.472,216.832
0.0102844,78.7212,143.023,215.193
1.83871,78.1959,141.867,215.953
0.0717468,86.4514,143.056,220.346
0.214264,87.7044,141.55,218.64
3.16306,88.7444,138.644,213.775
6.95975,84.3407,133.337,208.401
3.62625,98.7889,131.773,211.27
-0.206482,93.1595,130.755,214.873
3.11087,86.5779,125.543,208.865
7.77577,88.033,123.159,209.065
5.25528,91.3445,122.508,212.975
8.88071,85.2525,119.191,208.622
8.88966,97.8663,117.41,208.871
7.68184,97.0687,116.748,209.426
7.10046,93.6934,116.198,209.572
11.249,90.5136,113.836,206.581
10.6454,95.0767,113.542,209.73
11.9088,91.1716,113.221,208.908
14.0141,94.0551,111.24,208.48
13.3464,97.6395,111.306,209.455
10.5395,94.5006,111.849,210.338
11.6685,87.9487,110.711,208.424
13.2441,89.7238,109.529,208.526
12.4112,92.3372,109.207,210.274
13.2587,90.296,109.299,212.37
10.282,97.7717,110.239,215.599
7.6347,92.2642,110.961,216.489
9.8149,84.3527,110.897,216.847
11.1702,92.8042,109.225,215.614
10.3866,92.228,109.74,216.942
10.1761,89.7805,110.696,218.71
11.4795,91.6758,109.601,217.434
8.95831,92.4765,109.843,219.28
6.1553,91.7187,109.575,219.86
6.84821,83.6581,108.169,218.532
8.12978,86.1405,107.948,218.737
9.01157,93.7126,107.121,218.279
8.19936,88.8895,106.617,217.783
9.31949,88.0733,104.465,214.882
7.71254,96.4876,104.36,215.315
5.12456,88.9229,105.072,217.201
3.48743,94.8687,105.526,220.267
5.49919,85.6542,106.836,222.876
10.5413,71.295,111.823,233.61
13.0261,58.0782,122.551,252.462
6.17148,54.5456,129.296,264.369
17.0128,50.8413,129.87,266.638
9.77286,42.2486,135.499,271.984
11.0692,34.5261,136.839,273.32
6.65799,36.9656,137.756,273.942
4.22015,38.2154,138.51,274.288
5.48318,22.4163,139.567,276.342
2.18503,21.3329,140.653,277.388
-0.730164,22.9168,139.621,274.749
-1.58542,22.2958,138.551,273.029
-6.49908,37.9229,135.535,268.549
-12.6209,39.7028,137.26,272.878
-18.4215,36.2031,137.922,277.582
-16.8815,44.0515,137.172,277.822
-26.4939,47.1479,138.332,278.962
-34.0151,55.3963,137.636,277.973
-26.7709,61.9623,136.731,275.306
-20.8513,47.0792,134.177,270.335
-15.9308,38.4868,143.488,280.815
-9.9407,24.3358,156.089,296.067
-6.32809,33.702,161.221,296.323
-22.19,47.0306,165.996,296.328
-44.2686,49.2241,181.891,313.21
-78.8749,45.6338,193.702,322.933
-96.1893,58.9572,213.977,336.794
-119.775,17.3033,266.52,394.632
-117.866,24.9512,285.269,390.784
-135.284,11.6006,307.87,399.84
-170.301,33.7388,326.434,394.458
-147.24,38.2481,355.603,407.223
-184.241,-33.3385,432.572,476.724
Tracking failure detected
Tracking failure detected
Tracking failure detected
Tracking failure detected
Tracking failure detected
Tracking failure detected
Tracking failure detected
Tracking failure detected
Tracking failure detected
Tracking failure detected
Tracking failure detected
Tracking failure detected
Tracking failure detected
Tracking failure detected
Tracking failure detected
Tracking failure detected
Tracking failure detected
Tracking failure detected
Tracking failure detected
Tracking failure detected
Tracking failure detected
Tracking failure detected
Tracking failure detected
Tracking failure detected
Tracking failure detected
Tracking failure detected
Tracking failure detected
Tracking failure detected
Tracking failure detected
Tracking failure detected
Tracking failure detected
Tracking failure detected
Tracking failure detected
Tracking failure detected
Tracking failure detected
Tracking failure detected
Tracking failure detected
Tracking failure detected
Tracking failure detected
Tracking failure detected
Tracking failure detected
Tracking failure detected
Tracking failure detected
Tracking failure detected
Tracking failure detected
Tracking failure detected
Tracking failure detected
Tracking failure detected
Tracking failure detected
Tracking failure detected
Tracking failure detected
Tracking failure detected
Tracking failure detected
Tracking failure detected
Tracking failure detected
Tracking failure detected
Tracking failure detected
Tracking failure detected
Tracking failure detected
Tracking failure detected
Tracking failure detected
Tracking failure detected
Tracking failure detected
Tracking failure detected
Tracking failure detected
Tracking failure detected
Tracking failure detected
Tracking failure detected
Tracking failure detected
Tracking failure detected
Tracking failure detected
Tracking failure detected
Tracking failure detected
Tracking failure detected
Tracking failure detected
Tracking failure detected
