259.9,109.99,120.36,97.13
259.3,113.62,120.4,94.15
261.82,117.24,123.96,92.83
262.31,119.16,123.66,92.8
260.76,120.88,123.8,91.98
263.82,118.18,125,100.14
267.32,121.01,121.97,98.59
268.83,119.04,122.39,103.08
268.59,128.93,125.49,87.97
273.05,131.95,127.24,83.48
273.75,128.28,127.59,88.71
274.9,128.22,129.29,89.09
283.78,128.07,122.5,91.26
281.91,126.17,127.42,93.68
287.48,128.32,123.76,91.47
289,127.55,126.22,94.54
293.43,128.75,125.84,93.46
303.21,134.76,121.59,89.38
308.1,139.73,122.8,84.87
315.7,143.88,116,80.66
318.35,141.43,120.03,86.22
319.64,141.87,120.25,85.63
320.88,142.85,123.95,85.96
322.79,143.24,124.29,85.09
327.01,145.24,120.59,83.25
326.98,145.36,115.91,83.82
338.78,150.08,99.44,68.84
340.38,147.15,89.24,69.7
342.08,145.29,100.84,76.42
343.4,144.38,103.2,71.24
347.48,146.78,89.04,63.44
342.75,147.69,90.5,62.62
346.09,145.01,97.82,67.98
342.57,146.08,109.86,75.84
349.77,146.46,105.46,77.08
346.73,138.85,111.54,87.3
344.98,135.16,108.46,88.61
347.83,134.39,108.72,91.35
347.05,134.34,112.16,93.27
347.85,130.31,115.81,101.69
346.23,128.6,125.79,110.07
351.68,129.09,120.72,109.91
349.17,127.24,124.96,112.64
351.74,129.51,123.13,113.42
351.23,131.66,125.21,112.84
354.59,134.35,121.47,111.24
355.74,134.41,120.8,113.94
355.12,137.19,122.09,113.3
357.43,139.55,123.2,111.44
358.69,138.43,120.45,117.44
358.13,141.28,123,113.78
359.51,142.62,122.91,111.84
358.98,143.87,125.59,112.23
361,143.97,124.57,115.7
360.06,143.38,127.3,117.12
361.84,143.78,123.25,113.91
360.27,143.46,125.58,113.93
360.85,142.71,121.63,111.52
361.25,142.15,118.37,110.05
362.42,142.98,112.41,104.85
360.41,142.76,111.84,103.36
360.14,143.33,110.73,96.83
356.51,142.63,111.36,92.8
353,138.29,111.87,97.26
349.65,139.02,111.92,89.72
347.67,136.29,110.24,89.55
346.48,137.94,105.14,82.58
351.42,140.14,91.03,73.83
356.93,144.84,81.13,66
363.18,155.15,61.68,49.04
369.93,160.52,50.94,42.22
367.63,158.1,49.15,40.22
372.01,155.49,41.01,38.13
370.43,151.32,37.8,43.34
351.93,151.09,65.85,54.84
364.26,145.86,41.01,54.75
360.15,147.55,38.15,46.68
358.65,147.5,36.63,41.52
360.65,144.91,30.7,42.16
353.88,139.22,37.84,51.49
348.85,137.15,38.65,57.7
353.35,137.5,25.91,50.55
354,139,22,47
351.36,132.87,22.95,51.66
349,127,22,51
346.08,127.64,24.99,44.68
344.48,128.46,24.17,44.72
343.91,127.16,24.41,46.32
342.34,128.02,26.43,42.12
340.11,126.54,27.27,44.06
341.35,125.71,25.81,45.83
339.26,122.64,27.96,46.13
339.42,122.81,26.01,41.18
340.06,122.74,23.58,44.25
340.29,121.41,23.59,44.05
337.05,121.33,26.3,43.07
336.51,122.82,27.36,45.42
336.94,126.86,25.34,39.33
339.25,123,22.11,47.2
336.39,125.83,24.27,44.36
333.31,124.49,29.62,47.4
336.05,128.64,23.51,43.03
333.65,126.72,27.18,45.09
334.26,131.43,25.86,37.27
334.17,125.34,23.38,47.47
331.92,126.34,25.38,45.15
329.91,126.54,28.1,46.65
330.37,129.44,25.88,44.78
329.99,128.41,26.48,41.97
329.35,130.68,28.91,42.06
320.75,131.23,47.4,47.4
329,137,25,36
328.17,135.98,27.71,38.67
332,133,19,41
329.78,131.28,22.87,43.53
330.25,133.69,24.13,46.23
331.66,136.44,22.37,44.15
318.5,131.5,48,48
327.02,132.43,29.23,42.19
329.95,130.96,25.27,45.48
328.2,132.08,27.33,42.1
324,127.54,41.47,48.3
331.87,131.51,23.83,43.55
326.27,129.76,35.25,47.87
323.72,130.22,38.75,52.09
319.73,131.97,45.29,46.57
316.64,130.51,51.12,50.54
327.07,135.24,33,45.01
325.72,134.45,38.98,44.82
323.67,136.08,42.87,44.83
320.36,135.28,48.44,40.28
316.66,127.73,59.72,60.41
315.76,127.67,60.78,57.86
317.44,133.67,56.17,40.7
318.99,137.05,56.9,39.27
319.67,136.46,58.78,37.22
322.4,135.14,54.57,37.27
323.2,135.4,54.51,34.8
323.43,135.01,53.02,33.02
323.84,136.24,53.86,31.82
320.02,136.21,56.11,32
319,136,56,32
315.2,133.31,63.33,38.26
317.86,134.82,56.89,34.02
316.03,136.14,58.74,31.24
313.72,135.01,58.91,32.52
307.51,135.37,67.09,34.81
306.3,133.7,63.09,34.02
307,136,56,32
305.49,133.15,64.59,39.49
304.6,132.71,66.07,38.08
310.53,135.11,58.3,33.03
315.16,135.92,53.19,32.29
312.94,137.72,54.41,33.62
305,135.27,66.08,34.18
307.85,135.19,62.02,35.73
306.11,137.87,64.34,32.6
302.01,137.56,71.21,36.05
302.55,138.76,67.93,36.84
299.25,137.97,72.47,42.91
298.56,137.27,73.13,41.96
304.76,133.47,67.55,48.22
295.2,134.72,76.57,52.64
298.6,133.6,74.14,53.75
301.95,134.61,70.46,52.24
313,140,61,32
307.6,139.06,65.21,28.82
303.45,138.2,73.68,31.77
296.98,133.22,76.36,42.36
306.74,128.38,88.52,43.24
313.27,122.73,87.46,51.54
320.86,126.65,81.28,38.7
321.13,126.08,80.74,39.83
320.88,124.87,73.24,34.26
323.82,122.22,82.36,34.56
335,123,72,27
341,124,67,28
346,122,70,26
350,121,67,26
352,122,68,26
359,119,63,28
357,120,68,23
362,116,68,26
370,117,62,23
371,114,66,26
373,113,66,24
366.77,109.15,76.99,31.08
367.89,107.85,78.47,29.18
370.33,107.92,81.16,28.44
378.51,105.68,76.78,27.86
378.08,104.9,80.31,28.91
378.91,103.03,81.89,26.73
380.87,102.59,79.9,28.01
383.48,99.124,80.86,29.216
384.79,99.03,85.02,24.06
384.43,97.055,87.92,29.725
391.19,98.611,84.27,26.709
393.94,98.445,88.52,25.815
407.43,93.596,74.44,28.074
399.62,91.49,83.48,29.54
399.95,92.627,79.66,29.123
400.33,96.67,81.04,28.16
399.4,93.877,84.51,35.453
398.09,99.529,81.29,30.061
401.43,95.318,73.07,41.562
388.53,97.685,86.68,38.525
388.45,95.452,85.57,43.128
412.9,96.179,63.97,47.591
408.53,94.448,70,50.982
407.06,96.353,71.36,50.817
402.38,98.395,75.45,47.605
404.62,95.548,73.85,52.032
405.59,92.457,76.14,58.883
404.72,93.877,75.8,58.753
404.4,97.751,77.14,52.939
404.68,100.82,81.44,51.37
410.42,99.751,78.44,57.399
397.42,95.606,89.84,64.714
402.79,98.443,85.72,66.167
408.13,103.75,79.71,58.95
406.63,103.14,80.25,59.94
408.12,109.6,84.61,53.73
408.92,109.35,85,56.38
417.34,105.1,76.47,66.6
405.94,109.96,89.54,60.34
414.09,113.73,83.02,55.4
416.37,111.98,81.1,57.05
417.83,112.1,83.49,57.11
418.75,112.6,85.14,55.91
422.83,115.05,80.98,52.47
420.27,113.79,84,51.92
425.75,117.08,80.58,46.09
427.47,115.41,78.95,46.52
427.43,116.64,77.3,43.08
427.91,115.02,77.18,44.5
428.66,113.76,76.18,46.42
427.95,114.97,76.01,43.86
425.07,114.05,79.32,46
433.42,115.33,69.22,47.61
440.47,116.5,67.29,52.01
443.21,119.66,62.53,52.2
426.34,120.28,72.36,50.87
428.99,120.86,68.67,52.81
428.02,118.92,71.17,58.01
428.46,117.69,69.95,65.72
430.84,128.72,68.17,52.11
434.1,127.33,60.4,60.19
428.04,123.46,63.53,65.25
429.24,125.15,57.74,64.44
443.57,137.65,40.17,58.16
451.18,148.5,27.19,51.88
439.54,139.27,42.53,60.56
445.92,145.67,33.12,55.83
446.64,143.91,28.61,59.64
443.98,146.49,33.07,57.99
443.01,142.95,34.05,59.03
442.06,143.59,30.75,55.57
440.7,143.52,31.1,54.86
437.33,141.94,37.74,56.57
435.37,148.18,37.63,49.12
437.66,149.71,31.58,44.37
440.62,142.19,27.25,52.12
436.07,150.59,35.55,42.88
415.64,155.48,57.72,71.04
417.72,160.13,52.56,62.74
417.61,152.55,56.77,73.49
419.12,148.68,54.79,78.69
419.11,151.56,55.03,75.63
413.59,148.34,62.22,86.81
412.43,150.39,62.16,83.65
412.41,149.6,62.68,83.24
409.95,151.16,60.19,85.23
408.15,151.18,64.99,88.38
411.46,158.75,53.86,79.29
413.08,158.86,46.66,78.44
406.87,155.18,57.49,86.75
402.09,156.25,61.73,87.66
404.49,156.87,62.44,88.07
398.51,165.86,73.76,78.59
401.46,162.96,58.24,83.02
400.65,156.61,67.57,90.55
400.79,152.45,67.5,96.19
398.95,157.52,64.66,90.74
397.44,156.38,65.45,92.19
393.99,157.22,67.79,94.71
394.95,157.95,63.8,93.61
392.25,159.94,68.75,93.54
389.23,169.47,68.73,85.18
393.59,165.29,59.92,90.5
390.89,169.37,61.9,87.8
386.22,170.62,69.55,86.51
382.48,170.22,76.05,89.29
383.12,172.14,73.02,89.75
380.3,177.62,72.38,86.92
381.09,181.61,62.07,85.55
380.55,183.51,60.49,84.54
375.9,183.63,69.32,88.14
372.53,184.21,71.17,90.41
371.94,186.66,67.31,89.64
368.28,187.54,72.02,91.95
368.01,187.58,73.17,92.14
365.48,184.18,77.85,95.72
366.37,187.77,74.5,93.04
365.41,190.94,74.83,90.87
359.5,187.77,85.87,94.06
356.55,192.59,86.09,90.34
359.62,190.75,78.51,92.53
357.29,193.57,80.87,91.91
353.76,191.08,85.72,96.66
352.74,191.31,86.06,94.46
