758,265,123,183
766.73,266.598,143.223,212.548
777.84,276.14,141.961,208.227
790.169,284.017,137.8,199.427
796.427,293.318,133.654,189.816
792.14,300.608,132.277,183.099
783.792,313.392,137.141,183.222
781.709,317.578,135.85,171.771
767.707,323.085,138.754,168.652
754.505,323.343,143.764,168.556
737.97,319.322,155.138,176.817
724.493,317.558,172.651,192.681
718.319,306.072,189.134,206.221
723.982,301.984,205.974,219.016
717.378,297.088,215.756,222.782
719.735,297.121,222.284,223.38
726.408,297.962,220.822,217.602
715.535,301.952,227.763,220.01
700.923,290.814,236.635,220.464
664.24,282.44,259.513,233.896
626.411,287.295,273.7,239.839
609.595,288.504,283.227,244.104
595.942,291.573,296.533,253.331
606.412,300.872,291.199,241.315
608.883,303.106,294.033,238.443
623.27,297.469,297.688,239.458
617.582,290.116,313.912,248.036
603.906,290.625,337.75,257.956
561.571,283.792,365.723,265.833
546.47,275.986,384.383,268.352
500.505,262.129,415.624,285.936
495.486,244.781,425.899,289.497
535.952,66.4193,485.378,308.946
583.949,53.4152,504.09,316.073
429.671,-12.3607,583.447,361.141
289.619,-52.6183,698.192,415.583
225.394,-8.23438,833.664,484.267
93.0699,-10.9518,901.573,497.77
114.392,31.9064,958.553,502.162
118.807,38.2882,1012.36,500.307
12.9371,63.1086,1150.22,538.335
-111.667,72.6505,1357.98,585.058
-160.891,79.4868,1506.25,607.088
-213.025,121.286,1630.52,613.902
-243.192,156.841,1686.19,610.026
-147.292,118.909,1654.11,587.163
-223.511,74.6476,1682.68,575.172
-359.332,58.5526,1820.69,594.868
-458.836,62.6449,1981.01,610.315
-562.433,49.1439,2107.18,611.608
Tracking failure detected
Tracking failure detected
Tracking failure detected
Tracking failure detected
Tracking failure detected
Tracking failure detected
Tracking failure detected
Tracking failure detected
Tracking failure detected
Tracking failure detected
Tracking failure detected
Tracking failure detected
Tracking failure detected
Tracking failure detected
Tracking failure detected
Tracking failure detected
Tracking failure detected
Tracking failure detected
Tracking failure detected
Tracking failure detected
Tracking failure detected
Tracking failure detected
Tracking failure detected
Tracking failure detected
Tracking failure detected
Tracking failure detected
