758,265,123,183
757.975,256.565,125.834,187.216
757.351,251.853,129.083,192.051
756.865,247.447,132.081,196.511
756.512,245.592,132.856,197.664
755.272,239.692,137.075,203.941
753.224,231.313,142.327,211.755
749.208,221.788,149.21,221.995
747.088,217.773,152.135,226.347
746.6,216.819,153.001,227.636
743.223,208.577,160.152,238.275
739.657,201.325,167.48,249.178
737.267,196.214,172.915,257.263
735.615,192.97,176.642,262.808
731.12,231.819,178.322,258.567
724.932,219.534,187.5,271.876
720.807,212.051,194.46,281.967
715.42,202.541,203.344,294.849
715.715,201.745,202.992,294.338
712.591,196.809,208.944,302.968
713.645,200.751,205.237,297.594
711.827,199.054,209.497,303.77
709.972,195.576,212.316,307.858
707.429,190.687,217.286,315.065
706.898,189.735,218.322,316.567
703.442,187.61,222.89,323.191
701.723,187.002,225.771,327.368
699.352,184.547,229.656,333.002
696.625,182.104,234.934,340.655
694.99,180.908,236.416,342.803
693.083,182.357,239.257,346.923
685.757,178.364,247.056,358.231
681.791,162.772,259.98,376.971
688.618,171.104,243.23,352.683
690.11,171.66,241.367,349.983
685.207,172.001,244.142,354.007
676.36,170.517,247.64,359.078
672.834,172.1,249.87,362.312
670.744,171.106,252.607,366.28
659.52,351.36,28.8,41.76
647.919,355.698,29.7714,43.1686
633.066,355.314,33.5594,48.6611
770.384,119.439,59.7197,86.5935
776.356,144.323,49.7664,72.1613
774.463,145.431,52.9774,76.8173
779.915,169.773,44.0321,63.8466
626.4,175.2,24,34.8
627.56,173.203,24.1792,35.0598
628.332,172.715,24.9995,36.2493
577.763,192.588,213.986,310.28
579.261,194.762,210.948,305.874
579.403,194.95,210.677,305.482
579.71,195.705,209.567,303.872
578.015,193.101,212.047,307.468
578.017,193.099,212.03,307.444
Tracking failure detected
Tracking failure detected
Tracking failure detected
Tracking failure detected
Tracking failure detected
Tracking failure detected
Tracking failure detected
Tracking failure detected
Tracking failure detected
Tracking failure detected
Tracking failure detected
Tracking failure detected
Tracking failure detected
Tracking failure detected
Tracking failure detected
Tracking failure detected
Tracking failure detected
Tracking failure detected
Tracking failure detected
Tracking failure detected
Tracking failure detected
