436,371,84,86
454.828,397.265,80.179,80.3851
452.393,399.691,77.6916,76.6806
456.468,400.539,75.1124,72.707
458.284,401.324,73.6221,70.53
457.674,402.253,72.4046,68.6558
459.079,402.068,71.6907,67.001
463.767,403.03,71.6044,65.5303
466.877,403.56,71.4515,64.3489
466.812,402.213,72.7992,64.8841
469.792,400.794,73.3948,64.2211
475.63,398.285,69.2929,60.7033
478.444,398.087,67.7786,59.1936
485.252,395.354,65.7714,57.2306
487.791,395.258,64.3893,56.1426
494.31,395.606,62.9907,54.5466
498.847,396.508,62.571,54.1896
502.776,396.613,63.335,54.4695
505.365,396.74,64.8215,55.8563
508.968,395.398,64.3463,55.4764
505.921,396.971,66.4321,57.7572
505.016,397.83,66.8165,57.9107
507.543,398.947,66.5979,57.1521
508.68,398.665,68.1299,57.8571
511.83,397.609,68.8953,57.8739
516.387,397.073,70.4115,58.0288
519.164,396.662,72.5881,58.5782
522.618,397.197,74.8446,58.6219
527.089,396.055,75.5307,58.2016
530.591,395.727,75.0348,57.3317
528.093,395.34,73.4012,56.4595
533.031,395.153,71.7417,54.6385
532.693,393.906,69.2221,52.7439
534.156,393.189,68.7066,52.1053
537.349,393.691,68.4757,51.6468
538.914,393.058,66.9815,50.6731
540.284,392.343,65.4972,50.013
544.289,393.264,64.2473,49.626
544.32,392.672,61.6528,48.55
545.482,392.84,59.9079,47.6999
545.239,392.978,58.7963,47.2939
546.939,393.473,58.201,47.0429
547.886,393.387,57.3514,46.6127
547.636,392.643,56.1403,46.0219
549.093,392.443,55.8601,45.7803
548.62,392.308,55.0597,45.6822
551.08,391.05,54.528,44.9612
551.006,391.438,53.4214,44.1425
550.662,391.365,52.2972,43.1846
551.413,391.405,51.482,42.3039
552.453,391.016,50.8221,41.5232
553.499,391.961,49.7231,40.401
554.705,391.263,48.8677,39.4545
555.595,392.255,47.6256,38.3506
555.994,392.232,46.7563,37.5197
555.879,393.344,45.1544,36.0944
557.181,393.42,43.2246,34.2577
557.291,392.798,41.5334,32.7286
557.766,393.479,40.326,31.6142
558.326,393.738,39.4661,30.8317
556.847,394.771,38.2918,29.9891
556.765,395.495,36.7838,28.7364
554.913,397.697,35.882,28.1173
553.753,399.406,35.468,27.7915
551.821,400.495,35.358,27.7465
550.344,401.766,35.3742,27.8621
549.835,402.808,34.5629,27.3519
548.205,403.796,34.6978,27.6159
547.534,403.63,35.2696,28.099
545.569,403.255,36.3787,29.0454
544.156,403.165,38.2542,30.6105
540.849,402.605,40.8868,33.155
537.448,402.482,40.5576,33.0386
536.256,402.381,40.4524,32.7872
532.9,400.584,40.4925,32.7536
532.461,400.284,40.012,32.1839
531.567,399.852,39.1653,31.3434
528.978,398.483,37.8174,30.2195
527.579,399.162,37.281,29.765
524.647,398.532,36.3854,29.1582
524.465,399.777,35.8518,28.6067
522.308,399.625,36.2858,29.2105
519.318,399.472,36.4756,29.6713
517.374,398.916,36.3771,29.7043
514.565,398.988,36.7178,30.1427
512.406,397.299,37.8205,31.2671
510.553,397.041,38.3275,31.8428
510.102,396.932,39.1983,32.7009
510.507,397.097,39.2128,32.6713
509.922,397.217,38.9524,32.6761
508.548,396.912,38.2747,32.2722
508.077,396.631,38.213,32.1689
507.639,396.223,38.7554,32.5522
506.167,396.561,39.3955,33.0276
506.605,396.479,40.0922,33.4598
507.144,395.803,40.8533,34.1389
507.31,396.485,41.7108,35.0217
507.891,396.636,42.9353,35.9242
507.987,396.415,43.7413,36.5753
508.617,396.643,44.6772,37.2688
508.661,395.163,45.9897,38.1439
507.911,395.568,46.9536,38.8049
509.343,393.195,48.9465,40.2618
510.808,393.14,50.2065,41.2921
509.624,392.734,51.3684,42.3403
510,392.323,52.3906,43.5135
512.915,394.541,53.4297,44.5283
514.11,397.392,53.5888,45.3617
516.243,400.154,53.4942,46.5064
517.722,403.207,54.0257,48.2098
516.08,404.321,54.4528,50.5273
517.219,406.202,54.4797,50.8286
518.67,409.62,53.8224,50.6478
517.824,412.102,53.1629,50.3205
518.151,413.695,50.8712,48.2668
522.04,413.941,50.3415,47.6787
517.651,413.912,51.7055,48.3833
518.422,413.354,54.8024,48.3322
514.221,415.602,56.8193,47.7439
519.127,417.706,54.9732,44.7195
518.508,419.283,54.7411,42.8034
519.195,421.148,52.9293,39.8857
519.764,423.018,48.2373,35.8828
522.263,424.312,46.0063,33.8084
523.334,424.613,41.2667,30.9938
522.654,423.108,38.5911,29.6354
523.879,423.46,37.835,29.3767
524.404,423.28,36.4718,28.9009
528.223,422.15,35.3664,28.4768
529.326,422.314,34.1533,28.3733
528.808,423.113,32.7328,28.1604
530.993,422.893,30.9113,27.6836
530.846,423.256,28.9653,26.7087
530.532,424.46,27.3382,25.9247
531.372,425.186,25.2923,24.8577
531.994,426.605,24.6978,24.9409
533.557,427.301,24.6644,26.2577
536.179,426.343,24.3243,27.2187
538.07,426.104,23.4908,29.4716
539.425,423.916,22.5247,31.0543
538.557,426.741,20.4575,30.5964
538.335,426.429,19.2492,30.3315
538.601,426.26,17.6719,28.9686
538.095,427.229,16.6237,28.0965
538.446,427.91,15.873,27.2658
537.907,429.003,15.0645,26.4255
537.519,428.295,15.0262,26.1957
536.738,428.566,15.5051,26.5513
535.245,430.13,15.9529,26.7182
532.614,428.492,17.21,27.8897
529.312,428.036,17.7108,27.9717
527.771,424.471,18.6799,28.6212
526.774,425.377,17.4512,27.4364
524.728,424.231,16.6654,26.8827
522.653,427.164,15.2487,26.0758
520.682,430.323,14.4921,26.4445
520.476,429.942,14.0547,25.8517
520.242,430.18,13.5499,25.0935
519.967,430.245,13.2085,24.4528
519.562,430.49,12.9515,23.9902
519.65,430.876,12.8357,23.9001
520.239,430.086,13.3594,24.7455
520.927,430.271,13.5343,25.1683
521.811,430.951,14.0988,25.9892
522.414,430.669,14.9185,26.7784
522.614,430.971,15.4237,27.2521
521.629,431.499,16.2251,27.9168
522.197,431.513,17.3293,28.9558
522.407,430.943,17.979,29.1278
523.012,430.729,19.0109,29.4464
523.767,430.247,19.6955,28.9489
525.324,429.378,20.0098,28.7029
527.346,429.851,21.0105,29.2016
529.908,429.406,21.7575,29.1459
530.598,429.654,23.1546,30.2823
532.261,429.65,23.7129,30.0966
532.517,428.014,24.2807,30.2838
532.449,426.695,25.9618,31.0906
533.636,424.511,26.0955,30.6791
532.897,422.249,26.7254,30.8874
533.728,420.892,26.961,30.6739
533.695,421.856,27.4774,31.2671
533.303,421.581,28.0831,31.5717
536.564,422.519,28.4434,31.9128
535.957,421.516,29.8595,32.9554
539.572,422.238,28.5214,31.3619
541.637,423.94,29.3911,31.7348
537.016,424.74,32.9821,34.1273
546.591,425.027,32.3372,32.9461
548.277,425.641,33.3688,32.9042
551.774,425.622,33.9399,32.293
553.192,426.905,34.6682,31.7563
554.712,426.909,34.8948,30.9577
555.461,426.448,36.0421,30.7072
554.165,423.566,37.9574,31.9598
555.639,419.642,39.7324,32.5329
559.337,418.075,39.5462,31.6936
559.563,416.943,39.6566,31.1841
565.94,416.249,38.4456,30.4214
564.425,415.478,37.515,29.7601
567.803,415.51,37.5889,29.7081
565.133,415.846,39.6661,30.742
567.872,415.78,40.1077,31.0739
569.347,416.125,41.6111,31.7732
567.688,414.199,43.7909,32.5285
574.651,414.913,43.7548,32.1638
577.45,414.465,42.4804,31.7355
577.209,414.895,40.7553,31.0464
577.596,415.532,39.8639,30.5747
579.21,415.98,38.2231,29.6657
580.223,416.416,37.5349,29.5352
581.552,415.993,36.2122,29.1081
583.294,415.712,35.0881,28.9104
583.924,415.481,34.0185,28.6757
582.119,416.253,33.3119,28.5108
582.945,416.303,32.4716,28.1643
581.61,415.717,31.1993,27.4386
582.409,415.588,31.3243,27.503
582.131,415.828,30.2195,26.5864
581.806,415.856,30.6706,26.9502
582.578,415.956,30.2112,26.5315
581.827,416.172,29.7097,26.1646
581.235,416.427,30.0503,26.3824
581.081,415.553,30.722,26.7776
581.317,414.884,31.0703,26.6656
581.947,415.082,31.7988,27.0997
581.473,415.131,32.0226,27.4534
581.444,415.249,32.0558,27.4335
580.384,415.805,32.1275,27.4092
582.417,415.43,32.7325,27.6953
580.568,416.093,32.252,27.5053
580.754,416.885,31.1146,26.4325
581.925,416.405,30.675,25.8377
581.636,416.676,31.1151,26.121
581.797,416.863,31.2274,26.0786
581.114,417.46,31.322,26.1088
581.663,417.004,30.6106,25.3386
581.836,416.664,31.2038,25.713
581.248,417.403,31.05,25.498
582.074,416.739,30.7529,25.1911
582.321,416.968,30.8982,25.276
581.109,416.614,31.0327,25.5462
581.38,417.021,30.8047,25.3252
581.134,416.847,30.8517,25.2668
581.466,416.668,31.1867,25.373
581.813,416.421,31.6418,25.5899
581.915,416.956,31.4393,25.3005
581.248,416.783,31.2961,25.2794
581.581,416.468,31.838,25.5828
581.471,416.991,31.4752,25.2193
580.202,417.104,31.7464,25.4362
580.159,417.206,32.254,25.6649
580.135,417.429,32.387,25.6985
580.032,417.726,32.5301,25.77
580.43,417.862,32.4205,25.4087
581.204,417.502,31.6233,24.648
580.956,418.246,31.7051,24.5228
581.335,418.195,31.6606,24.3342
581.33,417.652,31.5485,24.0393
581.498,417.922,31.4858,23.859
580.741,417.468,31.2752,23.7335
580.61,417.889,31.2132,23.5728
581.165,418.509,30.9672,23.1953
580.936,418.476,30.7746,22.9352
581.45,417.663,31.3604,23.3028
582.022,417.282,31.353,23.2051
580.978,417.471,31.4206,23.2007
581.043,417.902,31.3412,23.0415
581.085,418.294,31.3265,22.9283
581.545,417.631,31.4448,22.9056
581.18,417.225,31.5645,23.0505
580.897,417.636,31.3993,22.8418
581.319,417.199,31.6475,22.9063
581.722,416.928,31.668,22.7728
581.764,417.43,31.7117,22.7163
581.855,417.312,31.7273,22.5943
581.652,418.029,32.0957,22.8262
581.728,417.634,32.2247,22.8861
581.683,417.204,32.0275,22.687
581.21,417.801,32.4629,22.9802
580.428,417.566,32.6747,23.1251
581.29,417.981,32.7178,23.0329
582.383,417.445,32.1082,22.5236
581.011,418.059,32.0794,22.5919
581.786,417.877,32.2105,22.5288
581.636,417.691,32.2064,22.4819
581.482,417.497,32.1914,22.426
581.199,417.266,32.2785,22.4621
579.697,417.367,32.375,22.54
580.325,418.17,32.7261,22.7117
580.475,418.535,33.1225,22.8135
581.224,417.894,32.9882,22.6803
579.326,418.21,32.8167,22.7141
579.656,418.407,32.6697,22.52
579.765,418.567,33.2533,22.7777
580.526,417.324,32.8925,22.5763
579.611,417.572,32.8824,22.642
580.402,416.942,32.4962,22.2951
578.915,416.982,32.1713,22.2068
579.779,417.275,32.6139,22.5006
579.469,416.833,32.6729,22.5404
580.317,416.387,32.2883,22.2132
578.906,416.356,31.523,21.8209
579.881,416.827,32.0457,22.0839
580.333,417.127,32.1008,22.0344
580.848,417.566,32.1095,21.981
581.281,416.823,31.8223,21.7141
579.627,417.437,31.9131,21.8454
580.134,417.404,31.8318,21.6796
579.825,417.234,31.9602,21.702
579.368,417.033,32.206,21.8026
579.882,416.755,31.8075,21.4349
579.121,416.818,32.1103,21.6229
579.891,417.71,32.6203,21.8322
580.051,417.412,31.9245,21.2599
579.679,417.494,32.1403,21.4206
580.441,417.24,31.8276,21.1722
580.683,417.378,31.9703,21.24
580.234,417.941,31.6731,21.1198
580.254,418.129,31.5907,21.1111
580.136,418.034,30.883,20.7646
580.442,417.616,30.1011,20.3568
580.092,417.413,29.9403,20.2157
579.308,417.344,29.6367,19.9802
579.469,417.309,29.6806,20.0292
580.01,417.873,29.5586,19.9189
578.649,417.702,29.2552,19.9003
576.687,418.04,28.8393,19.8258
576.324,418.435,28.1645,19.6684
577.036,418.844,27.1475,19.2454
576.92,419.53,27.171,19.4596
576.692,419.723,26.5608,19.3255
576.486,419.902,25.9171,19.2444
576.824,420.381,24.9906,18.9297
577.123,420.46,24.393,18.875
577.528,419.958,24.0463,18.8944
577.746,420.505,22.9756,18.2787
577.831,420.653,22.1531,18.0436
578.809,420.606,21.7827,18.0794
579.458,420.742,21.2631,17.9754
579.744,421.302,20.4837,17.8677
581.354,422.016,19.3953,17.156
582.914,421.921,19.1893,17.407
585.477,422.271,19.0669,17.5241
588.106,422.941,19.2812,18.1988
590.029,424.507,18.8009,18.3598
590.752,425.395,18.3564,18.3024
591.514,425.469,18.0686,18.3901
590.317,423.767,17.6782,18.4
587.579,424.55,19.7882,20.3746
587.26,429.244,20.1265,20.6583
591.376,437.1,23.0592,21.8701
596.265,444.875,25.2207,22.0928
600.154,449.196,26.897,23.2506
603.778,455.842,29.1847,24.2314
607.877,460.915,29.9044,24.1463
609.176,467.348,35.4838,26.5039
608.958,470.022,45.7861,29.4668
619.669,465.062,56.8292,35.4451
629.546,462.993,57.7573,35.9515
630.693,461.398,62.8173,38.3041
641.503,470.758,63.0947,37.734
652.826,480.87,63.4828,37.1666
660.688,488.316,61.7456,35.725
668.63,494.608,63.66,35.6025
666.184,496.867,66.8256,35.9723
663.155,497.671,70.4828,36.9879
659.781,497.986,73.8146,37.8559
656.766,497.942,76.1053,38.3857
656.438,498.028,77.6756,38.5824
655.143,499.111,78.8969,38.6667
654.248,499.094,80.1357,38.9286
654.217,498.815,81.5172,39.2198
653.068,498.235,81.5275,38.9794
652.683,497.839,81.8338,38.8951
651.636,498.478,81.8716,38.7432
650.82,498.94,81.9731,38.6346
648.869,499.327,81.644,38.3398
648.78,498.575,81.5384,38.122
649.266,498.046,81.4831,37.903
648.474,498.269,81.1085,37.6092
648.849,498.176,80.8723,37.3822
647.074,498.831,81.2357,37.4321
647.397,498.07,81.1207,37.2919
644.392,498.545,81.6813,37.4868
638.88,497.793,81.6849,37.4156
638.309,499.685,83.0752,37.8909
648.429,498.493,79.4036,35.8422
653.488,498.346,77.5147,34.8482
658.964,496.602,75.6014,34.2569
661.759,496.552,74.0091,34.1227
661.522,497.415,73.2701,34.3479
661.741,496.069,72.187,34.2863
661.13,496.654,70.8974,34.0642
660.59,496.249,69.9809,34.0587
659.587,496.827,68.9767,34.0041
659.43,496.215,68.4097,34.2002
659.16,495.553,67.7819,34.3796
658.741,495.47,67.0786,34.459
658.997,494.531,65.608,34.1439
659.136,494.823,64.8265,34.1425
658.925,495.126,64.2186,34.3241
659.493,494.128,63.0691,34.0958
658.856,495.391,62.8166,34.4811
658.732,495.064,61.5823,34.2669
659.678,494.742,60.7421,34.0821
659.108,495.026,60.5701,34.2768
663.34,483.484,63.5072,35.8192
661.065,480.874,70.829,40.8747
663.729,480.333,72.6095,43.1986
663.135,478.144,70.4468,43.5341
653.415,473.922,77.2564,49.84
645.574,464.692,86.7543,55.4683
631.644,448.127,93.8821,60.0875
621.705,424.697,106.765,66.7125
620.606,410.936,118.078,71.9012
618.009,402.554,125.485,74.5047
613.011,393.575,139.396,78.4547
606.478,393.408,152.936,80.4805
603.632,385.867,153.511,79.0102
602.379,386.44,151.821,75.1165
600.537,385.181,151.924,74.4321
599.353,386.344,149.212,72.5937
598.473,388.919,146.367,70.1381
596.033,391.68,145.053,68.2965
594.71,390.392,144.153,67.6025
594.233,389.259,140.222,65.5645
596.055,389.531,138.389,64.2676
594.225,387.238,137.991,63.6996
594.949,387.096,136.193,62.9913
594.504,386.795,135.326,62.7635
592.695,386.96,136.747,63.4204
591.681,386.489,136.718,63.4292
591.059,386.459,138.375,64.0895
589.092,386.68,141.795,65.5662
588.662,387.226,144.725,66.8069
587.445,386.209,148.574,68.0532
585.335,386.97,149.429,68.2276
583.531,387.259,150.079,68.1736
585.227,388.458,151.574,68.5154
585.184,390.157,153.302,69.0417
581.88,392.306,153.444,68.9934
581.047,392.552,156.642,69.7867
579.245,396.357,158.375,70.1452
572.002,402.177,163.919,72.305
570.558,413.69,167.263,73.1526
573.563,428.047,167.423,74.125
571.137,447.408,164.783,75.0992
567.243,452.464,170.068,78.7981
567.713,452.181,172.113,80.501
576.045,455.405,171.186,80.9915
578.89,451.026,170.358,81.9981
583.057,449.81,170.545,82.4977
592.663,450.297,164.603,80.4963
598.298,453.627,156.707,77.0049
612.135,453.303,148.937,74.4145
620.804,455.288,138.049,70.8358
635.978,455.962,127.349,66.9667
633.156,453.676,119.659,64.4373
624.494,454.419,118.035,64.2309
625.002,457.264,112.957,62.2247
637.338,459.958,108.622,60.0444
640.6,458.664,105.556,58.4583
639.921,459.194,104.166,58.381
637.585,458.954,104.099,58.7373
639.782,455.847,105.878,60.0621
639.407,459.063,104.798,60.2701
636.752,457.21,103.412,59.8606
635.25,454.617,106.266,61.4766
639.275,455.196,103.608,60.1183
641.34,457.943,103.899,61.1163
639.949,455.177,101.684,60.1308
640.2,454.192,103.84,62.1668
634.201,454.09,106.317,63.7991
625.223,453.457,104.251,62.2559
613.257,454.227,110.652,65.455
609.551,460.32,103.507,61.191
602.693,459.45,102.191,60.0011
591.82,463.325,101.768,58.9722
583.784,460.914,104.591,60.4646
576.19,461.595,101.488,60.5098
577.063,461.705,99.5957,61.243
573.958,462.383,95.9701,60.6487
573.788,464.559,90.1122,59.1957
576.074,464.789,85.6806,58.9298
579.42,464.159,81.7631,58.6144
577.01,465.612,78.3351,59.1303
579.418,465.447,75.2023,58.5413
583.932,464.994,72.1904,57.8915
585.394,463.611,69.7255,57.0077
588.563,465.482,65.3641,55.2345
591.259,463.423,64.6859,55.0179
590.615,464.385,61.9037,54.2936
592.055,463.815,60.1308,53.6204
591.402,465.905,57.5362,52.4875
590.136,466.306,56.7063,51.891
590.877,467.713,55.1201,50.9268
591.237,465.584,55.2761,51.3068
590.075,466.6,54.1188,50.4958
589.227,468.527,52.9896,49.9441
590.879,467.717,53.5364,50.35
589.259,467.979,53.1884,50.1969
589.499,469.975,52.0022,49.7052
591.951,468.387,52.3034,49.7551
591.625,467.386,52.9498,50.1165
591.105,467.717,53.2757,50.3353
591.288,466.598,53.5775,50.5518
595.302,465.802,51.9136,49.8189
597.024,465.352,51.5297,50.0358
597.969,465.209,51.6303,50.6275
598.976,462.458,52.1945,51.6592
601.734,463.532,51.1056,51.8497
602.354,461.593,51.5033,53.1793
602.633,462.742,52.4239,54.7105
598.714,461.583,52.9352,55.8805
595.194,463.789,53.2116,56.1642
594.763,462.239,52.2496,55.6506
593.048,462.898,53.1025,56.2051
591.49,462.521,53.7518,56.7635
590.943,461.546,53.3107,56.3885
590.604,462.224,53.0257,56.2111
591.941,462.749,53.285,56.4846
591.499,460.976,53.7299,56.9568
593.867,461.915,55.2334,58.3057
595.217,460.733,55.5455,58.5286
593.11,461.445,56.4865,59.5136
593.777,462.171,55.2359,58.4805
595.014,460.174,55.3563,58.6595
593.313,461.307,57.4135,61.1482
595.378,461.762,55.4956,59.813
596.176,460.544,56.7498,61.0383
595.614,461.37,57.4035,61.8291
594.267,459.301,57.7368,62.6536
593.626,460.264,56.9521,62.5627
593.967,461.301,54.4952,61.0488
594.828,461.665,53.8027,60.4516
595.031,459.619,54.1911,60.8982
596.47,461.093,53.7576,60.4638
596.062,459.549,55.5707,61.8937
