436,371,84,86
436,371,84,86
436,371,84,86
438,371,84,86
438,371,84,86
438,371,84,86
440,371,84,86
442,371,84,86
442,371,84,86
444,371,84,86
446,371,84,86
450,373,84,86
452,373,84,86
456,373,84,86
460,373,84,86
466,373,84,86
470,373,84,86
474,371,84,86
478,371,84,86
480,371,84,86
480,371,84,86
482,371,84,86
484,371,84,86
486,371,84,86
488,371,84,86
490,371,84,86
492,371,84,86
496,373,84,86
498,373,84,86
502,373,84,86
504,373,84,86
506,373,84,86
508,373,84,86
510,371,84,86
512,371,84,86
512,371,84,86
512,371,84,86
514,371,84,86
514,371,84,86
516,371,84,86
516,371,84,86
516,371,84,86
518,371,84,86
518,371,84,86
518,371,84,86
520,371,84,86
520,371,84,86
520,371,84,86
520,371,84,86
522,371,84,86
522,371,84,86
522,371,84,86
522,371,84,86
522,371,84,86
522,371,84,86
524,371,84,86
524,371,84,86
524,371,84,86
524,371,84,86
524,371,84,86
524,371,84,86
522,371,84,86
522,371,84,86
520,371,84,86
518,371,84,86
516,373,84,86
516,373,84,86
514,373,84,86
512,373,84,86
510,373,84,86
508,373,84,86
506,373,84,86
504,373,84,86
502,373,84,86
500,373,84,86
498,373,84,86
496,373,84,86
496,373,84,86
494,371,84,86
494,371,84,86
492,371,84,86
492,371,84,86
490,371,84,86
490,371,84,86
488,371,84,86
488,371,84,86
486,371,84,86
486,371,84,86
484,371,84,86
484,371,84,86
484,371,84,86
482,371,84,86
482,371,84,86
482,371,84,86
482,371,84,86
482,371,84,86
484,371,84,86
484,371,84,86
484,371,84,86
486,371,84,86
486,371,84,86
486,371,84,86
486,371,84,86
486,371,84,86
486,371,84,86
486,371,84,86
486,371,84,86
486,371,84,86
486,371,84,86
486,371,84,86
486,371,84,86
486,371,84,86
488,371,84,86
488,371,84,86
488,371,84,86
490,371,84,86
490,373,84,86
492,373,84,86
494,373,84,86
496,373,84,86
496,373,84,86
498,373,84,86
498,373,84,86
500,373,84,86
500,373,84,86
500,373,84,86
500,373,84,86
500,373,84,86
500,373,84,86
498,373,84,86
498,373,84,86
496,373,84,86
496,373,84,86
494,373,84,86
494,373,84,86
492,373,84,86
492,373,84,86
490,373,84,86
490,373,84,86
490,373,84,86
488,373,84,86
488,373,84,86
488,373,84,86
486,373,84,86
486,373,84,86
486,373,84,86
486,373,84,86
486,373,84,86
484,373,84,86
484,373,84,86
484,373,84,86
484,373,84,86
484,373,84,86
484,373,84,86
484,373,84,86
486,373,84,86
486,373,84,86
486,373,84,86
488,373,84,86
488,373,84,86
488,373,84,86
490,373,84,86
490,373,84,86
492,373,84,86
492,373,84,86
494,373,84,86
496,373,84,86
498,373,84,86
500,373,84,86
500,375,84,86
502,375,84,86
504,377,84,86
506,377,84,86
508,377,84,86
508,377,84,86
510,377,84,86
510,377,84,86
510,377,84,86
510,377,84,86
510,377,84,86
510,375,84,86
510,375,84,86
510,375,84,86
510,375,84,86
510,375,84,86
510,377,84,86
512,377,84,86
512,377,84,86
514,377,84,86
514,377,84,86
516,377,84,86
518,379,84,86
520,377,84,86
522,377,84,86
522,377,84,86
524,377,84,86
524,377,84,86
524,377,84,86
526,377,84,86
526,377,84,86
528,377,84,86
528,377,84,86
528,377,84,86
530,377,84,86
530,377,84,86
532,377,84,86
532,377,84,86
534,377,84,86
534,377,84,86
536,377,84,86
536,377,84,86
536,377,84,86
536,377,84,86
536,377,84,86
536,377,84,86
536,377,84,86
536,377,84,86
536,377,84,86
536,377,84,86
536,377,84,86
536,377,84,86
536,377,84,86
536,377,84,86
536,377,84,86
536,377,84,86
536,377,84,86
536,377,84,86
536,377,84,86
538,377,84,86
538,377,84,86
538,377,84,86
538,377,84,86
538,377,84,86
538,377,84,86
538,377,84,86
538,377,84,86
538,377,84,86
538,377,84,86
538,377,84,86
538,377,84,86
538,377,84,86
538,377,84,86
538,377,84,86
538,377,84,86
538,377,84,86
538,377,84,86
538,377,84,86
538,377,84,86
538,377,84,86
538,377,84,86
538,377,84,86
538,377,84,86
538,377,84,86
538,377,84,86
538,377,84,86
538,377,84,86
538,377,84,86
538,377,84,86
538,377,84,86
538,377,84,86
538,377,84,86
538,377,84,86
538,377,84,86
538,377,84,86
538,377,84,86
538,377,84,86
538,377,84,86
538,377,84,86
538,377,84,86
538,377,84,86
538,377,84,86
538,377,84,86
538,377,84,86
538,377,84,86
538,377,84,86
538,377,84,86
538,377,84,86
538,377,84,86
538,377,84,86
538,377,84,86
538,377,84,86
538,377,84,86
538,377,84,86
538,377,84,86
538,377,84,86
538,377,84,86
538,377,84,86
538,377,84,86
538,377,84,86
538,377,84,86
538,377,84,86
538,377,84,86
538,377,84,86
538,377,84,86
538,377,84,86
538,377,84,86
538,377,84,86
536,377,84,86
536,377,84,86
536,377,84,86
536,377,84,86
536,377,84,86
536,377,84,86
536,377,84,86
536,377,84,86
536,377,84,86
536,377,84,86
536,377,84,86
536,377,84,86
536,377,84,86
536,377,84,86
536,377,84,86
536,377,84,86
536,377,84,86
536,377,84,86
536,377,84,86
536,377,84,86
536,377,84,86
536,377,84,86
536,377,84,86
536,377,84,86
536,377,84,86
536,377,84,86
534,377,84,86
534,377,84,86
534,377,84,86
534,377,84,86
534,377,84,86
532,377,84,86
532,377,84,86
532,377,84,86
532,377,84,86
530,377,84,86
530,377,84,86
530,377,84,86
530,377,84,86
530,377,84,86
528,377,84,86
528,377,84,86
528,377,84,86
528,377,84,86
528,377,84,86
528,377,84,86
526,377,84,86
526,377,84,86
526,377,84,86
526,377,84,86
526,377,84,86
528,379,84,86
530,383,84,86
532,387,84,86
536,395,84,86
540,403,84,86
544,407,84,86
548,415,84,86
550,421,84,86
556,431,84,86
562,441,84,86
566,447,84,86
572,455,84,86
578,461,84,86
590,471,84,86
600,483,84,86
606,489,84,86
610,495,84,86
612,497,84,86
610,497,84,86
610,497,84,86
610,497,84,86
608,497,84,86
608,497,84,86
606,497,84,86
606,497,84,86
606,497,84,86
606,497,84,86
604,497,84,86
604,497,84,86
604,497,84,86
604,497,84,86
604,495,84,86
604,495,84,86
602,495,84,86
602,495,84,86
602,495,84,86
606,491,84,86
612,487,84,86
Tracking failure detected
Tracking failure detected
590,485,84,86
592,487,84,86
594,487,84,86
594,487,84,86
594,487,84,86
594,487,84,86
594,487,84,86
592,487,84,86
592,487,84,86
592,487,84,86
592,487,84,86
592,487,84,86
592,487,84,86
592,487,84,86
592,487,84,86
592,487,84,86
592,487,84,86
592,487,84,86
590,485,84,86
582,475,84,86
578,469,84,86
570,457,84,86
564,449,84,86
558,439,84,86
550,427,84,86
546,423,84,86
540,413,84,86
538,407,84,86
532,399,84,86
528,391,84,86
526,387,84,86
522,381,84,86
520,379,84,86
520,379,84,86
520,379,84,86
520,379,84,86
520,379,84,86
520,379,84,86
520,379,84,86
520,379,84,86
518,379,84,86
518,379,84,86
518,379,84,86
518,379,84,86
518,379,84,86
518,379,84,86
518,379,84,86
518,379,84,86
518,379,84,86
518,379,84,86
518,379,84,86
518,379,84,86
518,379,84,86
518,379,84,86
518,379,84,86
518,379,84,86
520,379,84,86
520,379,84,86
520,379,84,86
522,379,84,86
522,377,84,86
524,377,84,86
524,377,84,86
526,377,84,86
526,377,84,86
526,377,84,86
526,377,84,86
526,377,84,86
526,377,84,86
526,377,84,86
526,377,84,86
526,377,84,86
526,377,84,86
526,377,84,86
526,377,84,86
524,377,84,86
524,377,84,86
524,377,84,86
522,377,84,86
522,377,84,86
522,377,84,86
522,377,84,86
522,377,84,86
520,377,84,86
520,377,84,86
520,377,84,86
520,377,84,86
520,377,84,86
520,377,84,86
520,377,84,86
520,377,84,86
520,377,84,86
520,377,84,86
520,377,84,86
520,377,84,86
520,377,84,86
520,377,84,86
520,377,84,86
520,377,84,86
520,377,84,86
520,377,84,86
520,377,84,86
520,377,84,86
520,377,84,86
520,377,84,86
520,377,84,86
520,377,84,86
520,377,84,86
520,377,84,86
520,377,84,86
520,377,84,86
520,377,84,86
520,377,84,86
520,377,84,86
520,377,84,86
520,377,84,86
520,377,84,86
520,377,84,86
520,377,84,86
520,377,84,86
520,377,84,86
520,377,84,86
520,377,84,86
520,377,84,86
520,377,84,86
520,377,84,86
518,377,84,86
518,377,84,86
518,377,84,86
518,377,84,86
518,377,84,86
518,377,84,86
518,377,84,86
518,377,84,86
518,377,84,86
518,377,84,86
518,377,84,86
518,377,84,86
518,377,84,86
518,377,84,86
518,377,84,86
518,377,84,86
518,377,84,86
518,377,84,86
518,377,84,86
518,377,84,86
518,377,84,86
518,377,84,86
518,377,84,86
518,377,84,86
518,377,84,86
