435,371.25,84,85.5
438,371.25,84,85.5
438,371.25,84,85.5
438,371.25,84,85.5
438,371.25,84,85.5
438,371.25,84,85.5
438,371.25,84,85.5
441,371.25,84,85.5
441,371.25,84,85.5
444,371.25,84,85.5
447,371.25,84,85.5
453,371.25,84,85.5
456,371.25,84,85.5
459,371.25,84,85.5
465,371.25,84,85.5
468,371.25,84,85.5
474,371.25,84,85.5
474,371.25,84,85.5
477,371.25,84,85.5
477,371.25,84,85.5
477,371.25,84,85.5
480,371.25,84,85.5
486,369,84,85.5
486,369,84,85.5
489,369,84,85.5
492,369,84,85.5
495,369,84,85.5
501,369,84,85.5
501,369,84,85.5
504,369,84,85.5
507,369,84,85.5
510,369,84,85.5
513,369,84,85.5
513,369,84,85.5
516,366.75,84,85.5
516,366.75,84,85.5
516,366.75,84,85.5
516,366.75,84,85.5
516,366.75,84,85.5
519,366.75,84,85.5
519,366.75,84,85.5
519,369,84,85.5
519,369,84,85.5
519,369,84,85.5
519,369,84,85.5
519,369,84,85.5
522,369,84,85.5
522,369,84,85.5
522,369,84,85.5
522,369,84,85.5
522,369,84,85.5
522,369,84,85.5
522,369,84,85.5
522,369,84,85.5
522,369,84,85.5
522,369,84,85.5
522,369,84,85.5
522,369,84,85.5
522,369,84,85.5
522,369,84,85.5
522,369,84,85.5
522,369,84,85.5
522,369,84,85.5
522,369,84,85.5
522,369,84,85.5
522,371.25,84,85.5
519,371.25,84,85.5
516,371.25,84,85.5
516,371.25,84,85.5
513,371.25,84,85.5
513,371.25,84,85.5
510,371.25,84,85.5
507,371.25,84,85.5
504,371.25,84,85.5
504,371.25,84,85.5
501,371.25,84,85.5
498,371.25,84,85.5
498,371.25,84,85.5
498,371.25,84,85.5
495,371.25,84,85.5
495,371.25,84,85.5
492,371.25,84,85.5
492,371.25,84,85.5
492,371.25,84,85.5
492,371.25,84,85.5
489,371.25,84,85.5
489,371.25,84,85.5
486,371.25,84,85.5
486,371.25,84,85.5
486,371.25,84,85.5
486,371.25,84,85.5
486,371.25,84,85.5
486,371.25,84,85.5
486,371.25,84,85.5
486,371.25,84,85.5
486,371.25,84,85.5
486,371.25,84,85.5
486,371.25,84,85.5
486,371.25,84,85.5
489,371.25,84,85.5
489,371.25,84,85.5
489,371.25,84,85.5
489,371.25,84,85.5
489,371.25,84,85.5
489,371.25,84,85.5
489,371.25,84,85.5
489,371.25,84,85.5
489,371.25,84,85.5
486,371.25,84,85.5
486,371.25,84,85.5
486,371.25,84,85.5
486,371.25,84,85.5
486,371.25,84,85.5
486,371.25,84,85.5
486,371.25,84,85.5
489,371.25,84,85.5
489,371.25,84,85.5
489,373.5,84,85.5
492,373.5,84,85.5
495,371.25,84,85.5
495,373.5,84,85.5
501,371.25,84,85.5
504,371.25,84,85.5
504,371.25,84,85.5
504,371.25,84,85.5
504,371.25,84,85.5
504,371.25,84,85.5
504,371.25,84,85.5
501,371.25,84,85.5
501,371.25,84,85.5
498,371.25,84,85.5
498,371.25,84,85.5
498,371.25,84,85.5
498,371.25,84,85.5
498,371.25,84,85.5
498,371.25,84,85.5
495,371.25,84,85.5
495,371.25,84,85.5
495,371.25,84,85.5
495,371.25,84,85.5
492,371.25,84,85.5
492,371.25,84,85.5
492,371.25,84,85.5
492,371.25,84,85.5
489,371.25,84,85.5
489,371.25,84,85.5
489,371.25,84,85.5
489,371.25,84,85.5
489,371.25,84,85.5
489,371.25,84,85.5
489,371.25,84,85.5
486,371.25,84,85.5
489,371.25,84,85.5
489,371.25,84,85.5
489,371.25,84,85.5
486,371.25,84,85.5
489,371.25,84,85.5
489,371.25,84,85.5
489,371.25,84,85.5
489,371.25,84,85.5
489,371.25,84,85.5
489,371.25,84,85.5
492,371.25,84,85.5
492,371.25,84,85.5
492,371.25,84,85.5
495,371.25,84,85.5
498,371.25,84,85.5
501,371.25,84,85.5
504,371.25,84,85.5
507,371.25,84,85.5
510,371.25,84,85.5
513,371.25,84,85.5
513,371.25,84,85.5
522,369,84,85.5
522,369,84,85.5
525,369,84,85.5
525,369,84,85.5
525,369,84,85.5
525,369,84,85.5
525,369,84,85.5
525,369,84,85.5
525,369,84,85.5
525,369,84,85.5
525,369,84,85.5
525,369,84,85.5
525,369,84,85.5
528,369,84,85.5
528,369,84,85.5
531,369,84,85.5
531,369,84,85.5
534,369,84,85.5
537,369,84,85.5
537,369,84,85.5
537,369,84,85.5
537,369,84,85.5
540,369,84,85.5
543,366.75,84,85.5
543,366.75,84,85.5
552,364.5,84,85.5
552,364.5,84,85.5
552,364.5,84,85.5
552,364.5,84,85.5
552,364.5,84,85.5
555,364.5,84,85.5
555,364.5,84,85.5
555,364.5,84,85.5
558,364.5,84,85.5
558,364.5,84,85.5
558,364.5,84,85.5
561,364.5,84,85.5
561,364.5,84,85.5
561,364.5,84,85.5
561,364.5,84,85.5
561,364.5,84,85.5
561,364.5,84,85.5
561,364.5,84,85.5
561,364.5,84,85.5
561,364.5,84,85.5
561,364.5,84,85.5
561,364.5,84,85.5
561,364.5,84,85.5
561,364.5,84,85.5
561,364.5,84,85.5
561,364.5,84,85.5
561,364.5,84,85.5
561,364.5,84,85.5
561,364.5,84,85.5
561,364.5,84,85.5
561,364.5,84,85.5
561,364.5,84,85.5
561,364.5,84,85.5
561,364.5,84,85.5
561,364.5,84,85.5
561,364.5,84,85.5
561,364.5,84,85.5
564,364.5,84,85.5
564,364.5,84,85.5
564,364.5,84,85.5
564,364.5,84,85.5
564,364.5,84,85.5
564,364.5,84,85.5
564,364.5,84,85.5
564,364.5,84,85.5
561,366.75,84,85.5
564,364.5,84,85.5
564,364.5,84,85.5
564,364.5,84,85.5
564,364.5,84,85.5
564,364.5,84,85.5
564,364.5,84,85.5
564,364.5,84,85.5
564,364.5,84,85.5
564,364.5,84,85.5
564,364.5,84,85.5
564,364.5,84,85.5
564,364.5,84,85.5
564,364.5,84,85.5
564,364.5,84,85.5
564,364.5,84,85.5
564,364.5,84,85.5
564,364.5,84,85.5
564,364.5,84,85.5
564,364.5,84,85.5
564,364.5,84,85.5
564,364.5,84,85.5
564,364.5,84,85.5
564,364.5,84,85.5
564,364.5,84,85.5
564,364.5,84,85.5
564,364.5,84,85.5
564,364.5,84,85.5
564,364.5,84,85.5
564,364.5,84,85.5
564,364.5,84,85.5
564,364.5,84,85.5
564,364.5,84,85.5
564,364.5,84,85.5
564,364.5,84,85.5
564,364.5,84,85.5
564,364.5,84,85.5
564,364.5,84,85.5
564,364.5,84,85.5
564,364.5,84,85.5
564,364.5,84,85.5
564,364.5,84,85.5
564,364.5,84,85.5
564,364.5,84,85.5
564,364.5,84,85.5
564,364.5,84,85.5
564,364.5,84,85.5
564,364.5,84,85.5
564,364.5,84,85.5
564,364.5,84,85.5
564,364.5,84,85.5
564,364.5,84,85.5
564,364.5,84,85.5
561,364.5,84,85.5
561,364.5,84,85.5
561,364.5,84,85.5
561,364.5,84,85.5
561,364.5,84,85.5
561,364.5,84,85.5
561,364.5,84,85.5
564,362.25,84,85.5
564,362.25,84,85.5
564,364.5,84,85.5
564,364.5,84,85.5
564,364.5,84,85.5
564,364.5,84,85.5
564,364.5,84,85.5
561,364.5,84,85.5
561,364.5,84,85.5
561,364.5,84,85.5
561,364.5,84,85.5
561,364.5,84,85.5
561,364.5,84,85.5
564,364.5,84,85.5
564,364.5,84,85.5
564,364.5,84,85.5
564,364.5,84,85.5
561,364.5,84,85.5
561,364.5,84,85.5
561,364.5,84,85.5
561,364.5,84,85.5
561,364.5,84,85.5
561,362.25,84,85.5
558,364.5,84,85.5
558,364.5,84,85.5
558,364.5,84,85.5
558,364.5,84,85.5
555,364.5,84,85.5
555,364.5,84,85.5
555,364.5,84,85.5
555,364.5,84,85.5
555,364.5,84,85.5
552,364.5,84,85.5
552,364.5,84,85.5
552,364.5,84,85.5
552,364.5,84,85.5
552,364.5,84,85.5
549,364.5,84,85.5
549,364.5,84,85.5
549,364.5,84,85.5
549,364.5,84,85.5
549,364.5,84,85.5
546,364.5,84,85.5
546,364.5,84,85.5
546,364.5,84,85.5
549,366.75,84,85.5
552,369,84,85.5
555,373.5,84,85.5
561,380.25,84,85.5
567,384.75,84,85.5
570,391.5,84,85.5
576,398.25,84,85.5
579,400.5,84,85.5
585,409.5,84,85.5
594,416.25,84,85.5
600,423,84,85.5
609,434.25,84,85.5
615,434.25,84,85.5
624,447.75,84,85.5
639,454.5,84,85.5
645,454.5,84,85.5
672,425.25,84,85.5
672,425.25,84,85.5
672,425.25,84,85.5
672,425.25,84,85.5
672,425.25,84,85.5
672,427.5,84,85.5
672,427.5,84,85.5
672,427.5,84,85.5
666,427.5,84,85.5
666,427.5,84,85.5
666,427.5,84,85.5
666,427.5,84,85.5
666,427.5,84,85.5
666,427.5,84,85.5
666,427.5,84,85.5
666,427.5,84,85.5
666,427.5,84,85.5
666,427.5,84,85.5
666,427.5,84,85.5
666,427.5,84,85.5
666,427.5,84,85.5
666,427.5,84,85.5
666,427.5,84,85.5
666,427.5,84,85.5
666,427.5,84,85.5
666,427.5,84,85.5
666,427.5,84,85.5
663,425.25,84,85.5
663,423,84,85.5
663,423,84,85.5
660,423,84,85.5
660,423,84,85.5
660,423,84,85.5
660,418.5,84,85.5
660,418.5,84,85.5
660,418.5,84,85.5
660,418.5,84,85.5
660,418.5,84,85.5
660,418.5,84,85.5
657,423,84,85.5
657,423,84,85.5
657,423,84,85.5
657,425.25,84,85.5
594,454.5,84,85.5
588,452.25,84,85.5
579,438.75,84,85.5
579,434.25,84,85.5
570,423,84,85.5
564,411.75,84,85.5
558,407.25,84,85.5
552,398.25,84,85.5
549,391.5,84,85.5
543,382.5,84,85.5
537,375.75,84,85.5
537,373.5,84,85.5
531,366.75,84,85.5
531,364.5,84,85.5
528,364.5,84,85.5
528,364.5,84,85.5
528,364.5,84,85.5
528,364.5,84,85.5
528,364.5,84,85.5
528,378,84,85.5
528,378,84,85.5
528,378,84,85.5
528,378,84,85.5
528,378,84,85.5
528,378,84,85.5
528,378,84,85.5
528,378,84,85.5
525,378,84,85.5
525,378,84,85.5
525,378,84,85.5
525,378,84,85.5
525,378,84,85.5
528,375.75,84,85.5
528,375.75,84,85.5
519,382.5,84,85.5
522,380.25,84,85.5
522,380.25,84,85.5
525,378,84,85.5
525,378,84,85.5
525,378,84,85.5
525,378,84,85.5
525,378,84,85.5
528,375.75,84,85.5
525,378,84,85.5
522,380.25,84,85.5
522,378,84,85.5
522,378,84,85.5
522,378,84,85.5
522,378,84,85.5
522,378,84,85.5
522,378,84,85.5
522,378,84,85.5
522,378,84,85.5
522,378,84,85.5
522,378,84,85.5
522,378,84,85.5
519,378,84,85.5
519,378,84,85.5
519,378,84,85.5
519,378,84,85.5
516,378,84,85.5
516,378,84,85.5
516,378,84,85.5
516,378,84,85.5
513,378,84,85.5
513,378,84,85.5
513,378,84,85.5
513,378,84,85.5
513,378,84,85.5
513,378,84,85.5
513,378,84,85.5
513,378,84,85.5
513,378,84,85.5
513,378,84,85.5
513,378,84,85.5
513,378,84,85.5
513,378,84,85.5
513,378,84,85.5
513,378,84,85.5
513,378,84,85.5
513,378,84,85.5
513,378,84,85.5
513,378,84,85.5
513,378,84,85.5
513,378,84,85.5
513,378,84,85.5
513,378,84,85.5
513,378,84,85.5
513,378,84,85.5
513,378,84,85.5
513,378,84,85.5
513,378,84,85.5
513,378,84,85.5
513,378,84,85.5
513,378,84,85.5
513,378,84,85.5
513,378,84,85.5
513,378,84,85.5
513,378,84,85.5
513,378,84,85.5
513,378,84,85.5
513,378,84,85.5
513,378,84,85.5
513,378,84,85.5
513,378,84,85.5
513,378,84,85.5
513,378,84,85.5
513,378,84,85.5
513,378,84,85.5
513,378,84,85.5
513,378,84,85.5
513,378,84,85.5
513,378,84,85.5
513,378,84,85.5
513,378,84,85.5
513,378,84,85.5
513,378,84,85.5
513,378,84,85.5
513,378,84,85.5
513,378,84,85.5
513,378,84,85.5
513,378,84,85.5
513,378,84,85.5
513,378,84,85.5
513,378,84,85.5
513,378,84,85.5
513,378,84,85.5
513,378,84,85.5
513,378,84,85.5
513,378,84,85.5
513,378,84,85.5
513,378,84,85.5
