436,371,84,86
447.181,378.384,85.9963,85.9963
455.781,378.384,85.9963,85.9963
455.742,378.404,85.8726,85.8726
455.784,378.404,85.8696,85.8696
455.765,378.375,85.8997,85.8997
455.78,378.376,85.8917,85.8917
464.38,378.384,85.9963,85.9963
464.43,378.374,85.9623,85.9623
464.431,378.408,85.9309,85.9309
464.514,378.447,85.8599,85.8599
480.146,386.984,71.6636,71.6636
487.313,386.984,71.6636,71.6636
487.471,386.968,71.709,71.709
494.479,386.984,71.6636,71.6636
501.645,386.984,71.6636,71.6636
508.812,386.984,71.6636,71.6636
508.849,387.037,71.5667,71.5667
551.578,381.542,41.472,41.472
551.625,381.601,41.3678,41.3678
555.725,381.542,41.472,41.472
523.144,379.817,71.6636,71.6636
530.311,386.984,71.6636,71.6636
515.978,386.984,71.6636,71.6636
523.144,386.984,71.6636,71.6636
523.144,386.984,71.6636,71.6636
530.311,386.984,71.6636,71.6636
524.578,386.984,85.9963,85.9963
524.578,386.984,85.9963,85.9963
537.477,386.984,71.6636,71.6636
537.644,387.085,71.4528,71.4528
533.177,386.984,85.9963,85.9963
533.177,386.984,85.9963,85.9963
544.643,386.984,71.6636,71.6636
544.643,386.984,71.6636,71.6636
544.648,386.985,71.6583,71.6583
544.798,386.985,71.6637,71.6637
544.853,386.986,71.6715,71.6715
544.881,386.922,71.7489,71.7489
544.922,386.97,71.6616,71.6616
544.964,387.012,71.5873,71.5873
541.777,386.984,85.9963,85.9963
541.782,386.99,85.9881,85.9881
541.78,386.991,85.9899,85.9899
435.954,382.206,59.7197,59.7197
435.954,382.206,59.7197,59.7197
435.968,382.223,59.696,59.696
435.977,382.152,59.7848,59.7848
429.982,379.817,71.6636,71.6636
430.042,379.834,71.6429,71.6429
430.069,379.86,71.597,71.597
430.095,379.878,71.5613,71.5613
429.982,369.784,85.9963,85.9963
438.581,378.384,85.9963,85.9963
438.575,378.42,85.9707,85.9707
438.493,378.387,85.998,85.998
438.559,378.43,85.9039,85.9039
438.695,378.427,85.8257,85.8257
438.634,378.419,85.849,85.849
438.747,378.433,85.7662,85.7662
438.667,378.412,85.8033,85.8033
447.181,378.384,85.9963,85.9963
447.202,378.393,85.9095,85.9095
447.249,378.408,85.895,85.895
447.263,378.426,85.8542,85.8542
447.279,378.442,85.7933,85.7933
447.254,378.41,85.8397,85.8397
447.181,378.384,85.9963,85.9963
447.178,378.41,85.9384,85.9384
447.181,378.384,85.9963,85.9963
455.781,378.384,85.9963,85.9963
455.84,378.458,85.8852,85.8852
455.962,378.549,85.7701,85.7701
455.781,378.384,85.9963,85.9963
455.778,378.443,85.9081,85.9081
455.778,378.454,85.7691,85.7691
455.67,378.59,85.569,85.569
455.781,378.384,85.9963,85.9963
455.695,378.38,85.9019,85.9019
455.574,378.362,85.9508,85.9508
455.534,378.372,85.9325,85.9325
455.469,378.372,85.8952,85.8952
455.565,378.332,85.9169,85.9169
455.563,378.304,85.9525,85.9525
455.505,378.236,86.0691,86.0691
455.535,378.285,85.9833,85.9833
343.985,401.316,71.6636,71.6636
343.985,401.316,71.6636,71.6636
344.028,401.232,71.6706,71.6706
344.216,401.228,71.5748,71.5748
344.233,401.253,71.618,71.618
344.235,401.278,71.6424,71.6424
351.152,401.316,71.6636,71.6636
351.226,401.333,71.5083,71.5083
351.295,401.331,71.4777,71.4777
351.267,401.339,71.49,71.49
351.426,401.366,71.4575,71.4575
351.573,401.353,71.5171,71.5171
351.638,401.324,71.5496,71.5496
351.908,401.302,71.5824,71.5824
283.788,395.583,85.9963,85.9963
283.967,395.633,85.906,85.906
284.113,395.703,85.7772,85.7772
284.115,395.691,85.7153,85.7153
284.297,395.772,85.5576,85.5576
284.417,395.807,85.4136,85.4136
284.692,395.999,85.1609,85.1609
284.453,395.882,85.2786,85.2786
284.343,395.983,85.1217,85.1217
136.161,415.649,71.6636,71.6636
136.085,415.654,71.7134,71.7134
136.29,415.792,71.4715,71.4715
136.511,415.932,71.2711,71.2711
136.587,415.961,71.2376,71.2376
128.995,412.782,85.9963,85.9963
129,412.78,86.0536,86.0536
128.995,412.782,85.9963,85.9963
128.995,412.782,85.9963,85.9963
137.594,404.183,85.9963,85.9963
128.995,412.782,85.9963,85.9963
128.995,412.782,85.9963,85.9963
129.229,412.839,85.8939,85.8939
130.7,413.826,84.1815,84.1815
128.995,422.815,71.6636,71.6636
157.66,408.483,71.6636,71.6636
157.901,408.623,71.4406,71.4406
146.194,412.782,85.9963,85.9963
154.793,404.183,85.9963,85.9963
146.194,412.782,85.9963,85.9963
146.699,412.829,85.8865,85.8865
154.793,412.782,85.9963,85.9963
154.793,412.782,85.9963,85.9963
154.854,412.828,85.977,85.977
155.05,412.877,85.8503,85.8503
154.793,412.782,85.9963,85.9963
154.793,412.782,85.9963,85.9963
154.806,412.823,85.961,85.961
154.892,412.802,85.8083,85.8083
154.986,412.867,85.66,85.66
155.007,412.898,85.6184,85.6184
154.793,412.782,85.9963,85.9963
163.393,412.782,85.9963,85.9963
163.556,412.869,85.7515,85.7515
163.393,412.782,85.9963,85.9963
163.519,412.888,85.8015,85.8015
163.542,412.875,85.7946,85.7946
171.993,412.782,85.9963,85.9963
172.075,412.836,85.8648,85.8648
172.192,412.843,85.7241,85.7241
172.23,412.815,85.6933,85.6933
172.226,412.864,85.5645,85.5645
172.353,412.981,85.3328,85.3328
172.397,413.001,85.241,85.241
172.469,412.983,85.187,85.187
172.503,413.012,85.139,85.139
172.527,413.106,85.011,85.011
172.533,413.082,84.9141,84.9141
172.495,413.014,85.0076,85.0076
172.574,413.091,84.9405,84.9405
172.567,413.092,84.9851,84.9851
172.506,413.057,85.0757,85.0757
172.462,413.03,85.0856,85.0856
172.455,413.029,85.0855,85.0855
172.422,413.084,85.0355,85.0355
172.4,413.069,85.1234,85.1234
172.419,413.032,85.1068,85.1068
172.474,413.056,85.0418,85.0418
172.496,413.088,85.0356,85.0356
172.523,413.04,85.0621,85.0621
172.531,413.051,85.0375,85.0375
172.602,413.175,84.8438,84.8438
172.689,413.169,84.8649,84.8649
172.692,413.167,84.8615,84.8615
172.727,413.249,84.763,84.763
172.83,413.291,84.6724,84.6724
172.865,413.375,84.6826,84.6826
172.886,413.399,84.568,84.568
172.969,413.476,84.4774,84.4774
173.141,413.507,84.3201,84.3201
551.81,386.984,71.6636,71.6636
551.886,386.88,71.8196,71.8196
551.884,386.87,71.8216,71.8216
551.863,386.913,71.8213,71.8213
551.764,386.941,71.7931,71.7931
551.744,386.969,71.7756,71.7756
551.781,387.011,71.7323,71.7323
308.154,386.984,71.6636,71.6636
558.976,386.984,71.6636,71.6636
558.944,386.932,71.7454,71.7454
559.051,387.069,71.5943,71.5943
566.143,386.984,71.6636,71.6636
566.143,386.984,71.6636,71.6636
566.19,387.012,71.595,71.595
566.182,386.95,71.6294,71.6294
580.475,379.817,71.6636,71.6636
580.493,379.847,71.6507,71.6507
580.69,379.889,71.5304,71.5304
580.676,379.87,71.5902,71.5902
580.733,379.931,71.5274,71.5274
580.741,379.946,71.5314,71.5314
580.994,380.098,71.2941,71.2941
581.047,380.117,71.2403,71.2403
581.072,380.168,71.1629,71.1629
581.144,380.283,71.0332,71.0332
288.948,392.143,103.196,103.196
299.267,392.143,103.196,103.196
288.948,392.143,103.196,103.196
288.912,392.076,103.25,103.25
299.267,392.143,103.196,103.196
299.267,392.143,103.196,103.196
299.242,392.223,103.184,103.184
299.236,392.262,103.15,103.15
299.216,392.231,103.191,103.191
299.267,392.143,103.196,103.196
299.265,392.141,103.185,103.185
299.267,392.143,103.196,103.196
299.267,392.143,103.196,103.196
299.261,392.164,103.22,103.22
299.267,392.143,103.196,103.196
299.189,392.049,103.426,103.426
299.205,392.071,103.373,103.373
299.267,392.143,103.196,103.196
299.267,392.143,103.196,103.196
197.792,404.183,85.9963,85.9963
197.792,404.183,85.9963,85.9963
299.267,392.143,103.196,103.196
197.792,404.183,85.9963,85.9963
197.811,404.235,85.8987,85.8987
197.749,404.257,85.9382,85.9382
197.754,404.262,85.942,85.942
197.824,404.249,85.876,85.876
197.78,404.199,85.9603,85.9603
197.728,404.191,85.9644,85.9644
197.792,404.183,85.9963,85.9963
197.792,404.183,85.9963,85.9963
197.792,404.183,85.9963,85.9963
197.792,404.183,85.9963,85.9963
197.793,404.212,85.9637,85.9637
197.792,404.183,85.9963,85.9963
197.792,404.183,85.9963,85.9963
197.76,404.194,86.0133,86.0133
197.792,404.183,85.9963,85.9963
197.702,404.159,86.0486,86.0486
197.696,404.191,85.9622,85.9622
197.686,404.185,85.9512,85.9512
197.655,404.186,85.9942,85.9942
197.644,404.12,86.0158,86.0158
197.792,404.183,85.9963,85.9963
197.792,404.183,85.9963,85.9963
197.792,404.183,85.9963,85.9963
197.739,404.157,86.0767,86.0767
197.537,404.029,86.3516,86.3516
197.537,404.029,86.3609,86.3609
197.487,404.049,86.3817,86.3817
587.642,386.984,71.6636,71.6636
587.576,386.886,71.9185,71.9185
288.948,392.143,103.196,103.196
288.961,392.147,103.204,103.204
288.948,392.143,103.196,103.196
288.967,392.184,103.189,103.189
288.982,392.182,103.182,103.182
288.971,392.11,103.285,103.285
288.964,392.132,103.288,103.288
288.92,392.099,103.345,103.345
288.948,392.143,103.196,103.196
288.948,392.143,103.196,103.196
587.642,386.984,71.6636,71.6636
587.605,386.973,71.6828,71.6828
587.642,386.984,71.6636,71.6636
587.541,386.912,71.8015,71.8015
587.537,386.887,71.8263,71.8263
587.522,386.881,71.8465,71.8465
587.475,386.803,71.9131,71.9131
587.28,386.665,72.139,72.139
587.278,386.649,72.1344,72.1344
587.275,386.621,72.1364,72.1364
587.295,386.612,72.1654,72.1654
587.278,386.61,72.1793,72.1793
587.266,386.591,72.1891,72.1891
587.166,386.538,72.2834,72.2834
587.188,386.555,72.2483,72.2483
288.948,392.143,103.196,103.196
288.896,392.122,103.219,103.219
288.846,392.087,103.253,103.253
288.851,391.984,103.326,103.326
288.752,391.889,103.447,103.447
288.716,391.862,103.475,103.475
288.749,391.908,103.412,103.412
288.641,391.821,103.473,103.473
288.622,391.811,103.467,103.467
288.616,391.821,103.485,103.485
288.708,391.875,103.433,103.433
288.741,391.833,103.448,103.448
288.742,391.854,103.509,103.509
288.73,391.814,103.509,103.509
288.697,391.872,103.369,103.369
287.946,391.572,103.505,103.505
287.68,391.397,103.444,103.444
287.401,391.262,103.469,103.469
287.452,391.227,103.519,103.519
287.351,391.016,103.51,103.51
287.309,390.988,103.527,103.527
287.443,391.189,103.432,103.432
287.818,391.238,103.456,103.456
287.83,391.147,103.701,103.701
287.88,391.135,103.77,103.77
287.932,391.186,103.721,103.721
287.903,391.182,103.697,103.697
287.936,391.21,103.661,103.661
287.978,391.214,103.68,103.68
287.899,391.239,103.649,103.649
287.735,391.196,103.718,103.718
287.673,391.132,103.848,103.848
287.728,391.12,103.788,103.788
287.654,390.999,103.957,103.957
287.586,390.95,104.24,104.24
287.787,390.951,104.262,104.262
287.808,390.849,104.483,104.483
287.977,390.807,104.576,104.576
587.642,386.984,71.6636,71.6636
587.496,386.964,71.6863,71.6863
587.307,386.856,71.7765,71.7765
587.642,379.817,71.6636,71.6636
587.417,379.66,71.8194,71.8194
587.642,379.817,71.6636,71.6636
587.436,379.733,71.8338,71.8338
587.46,379.733,71.7978,71.7978
587.376,379.685,71.9244,71.9244
587.309,379.68,71.9185,71.9185
587.205,379.557,72.0958,72.0958
587.642,379.817,71.6636,71.6636
576.175,378.384,85.9963,85.9963
576.078,378.345,86.0747,86.0747
576,378.27,86.1713,86.1713
580.475,379.817,71.6636,71.6636
580.475,379.817,71.6636,71.6636
580.408,379.634,71.8433,71.8433
580.387,379.619,71.8553,71.8553
580.305,379.594,71.8596,71.8596
580.215,379.526,71.9518,71.9518
580.204,379.505,72.018,72.018
573.309,386.984,71.6636,71.6636
573.309,386.984,71.6636,71.6636
573.212,386.903,71.7188,71.7188
573.14,386.924,71.7122,71.7122
573.035,386.937,71.7173,71.7173
573.081,386.964,71.656,71.656
573.14,386.986,71.6447,71.6447
300.987,401.316,71.6636,71.6636
293.384,405.213,75.0586,75.0586
287.86,408.44,77.0754,77.0754
278.606,414.534,80.9233,80.9233
280.682,424.01,59.7197,59.7197
280.682,424.01,59.7197,59.7197
270.379,431.233,63.728,63.728
240.79,438.581,85.9963,85.9963
226.663,446.669,91.6716,91.6716
236.49,451.481,71.6636,71.6636
226.446,452.144,78.4974,78.4974
212.125,462.137,84.2623,84.2623
103.68,485.222,41.472,41.472
84.4339,499.225,42.4121,42.4121
262,186,20,20
259.595,184.337,22.4971,22.4971
250.397,180.958,22.2261,22.2261
249.653,180.675,22.1172,22.1172
248,178,20,20
252,180,20,20
250,180,20,20
249.556,179.935,19.9799,19.9799
249.377,179.835,19.8961,19.8961
249.551,179.996,20.0775,20.0775
249.669,180.063,20.0647,20.0647
249.704,179.996,19.9583,19.9583
252,178,20,20
250,180,20,20
250,180,20,20
249.814,179.928,19.9907,19.9907
249.809,179.96,20.0344,20.0344
249.807,180.043,20.0913,20.0913
250,180,20,20
252,178,20,20
250,180,20,20
250,180,20,20
250,180,20,20
250,180,20,20
250,180,20,20
250,180,20,20
250,180,20,20
252,178,20,20
250,180,20,20
250,180,20,20
250,180,20,20
249.842,180.099,19.9006,19.9006
249.237,179.989,19.913,19.913
248,180,20,20
246.824,179.729,19.9805,19.9805
246,180,20,20
246,180,20,20
245.784,179.829,20.0835,20.0835
245.941,179.898,20.0022,20.0022
246.319,180.201,19.8084,19.8084
246.26,180.049,19.8634,19.8634
246.15,179.996,19.9719,19.9719
246.193,180.175,19.7698,19.7698
246.291,180.183,19.9767,19.9767
246.797,180.182,20.0191,20.0191
256,184,20,20
162.432,473.472,34.56,34.56
334.43,441.926,59.7197,59.7197
280,188,20,20
204.48,452.16,28.8,28.8
220.521,442.049,26.8031,26.8031
371.504,423.102,103.196,103.196
371.504,412.782,103.196,103.196
608,222,20,20
395.583,412.782,85.9963,85.9963
399.494,405.716,82.1688,82.1688
399.219,402.712,84.9253,84.9253
402.202,398.225,81.7697,81.7697
402.501,395.669,82.1501,82.1501
402.627,395.489,81.8167,81.8167
402.832,395.837,81.7013,81.7013
402.802,395.665,81.8386,81.8386
402.937,395.586,81.6216,81.6216
403.029,395.57,81.4426,81.4426
408.483,394.15,71.6636,71.6636
408.483,394.15,71.6636,71.6636
404.183,386.984,85.9963,85.9963
404.293,386.975,85.9899,85.9899
395.583,386.984,85.9963,85.9963
395.602,387.026,85.9129,85.9129
78.83,437.148,71.6636,71.6636
78.9284,437.271,71.6197,71.6197
80.2536,437.777,70.4474,70.4474
80.5535,437.975,70.145,70.145
80.8682,438.016,69.9619,69.9619
68.7971,438.581,85.9963,85.9963
68.953,438.666,85.8522,85.8522
541.777,404.183,85.9963,85.9963
541.793,404.181,86.0141,86.0141
541.777,404.183,85.9963,85.9963
541.811,404.17,85.9842,85.9842
541.777,404.183,85.9963,85.9963
541.87,404.265,85.8287,85.8287
541.777,404.183,85.9963,85.9963
541.777,404.183,85.9963,85.9963
541.777,404.183,85.9963,85.9963
541.839,404.244,85.8274,85.8274
541.777,404.183,85.9963,85.9963
541.777,404.183,85.9963,85.9963
68.7971,438.581,85.9963,85.9963
68.8387,438.56,85.913,85.913
266.589,412.782,85.9963,85.9963
266.589,412.782,85.9963,85.9963
266.674,412.738,85.9222,85.9222
266.73,412.817,85.8993,85.8993
266.798,412.873,85.7682,85.7682
266.703,412.882,85.8279,85.8279
266.874,413.012,85.618,85.618
266.911,413.046,85.5814,85.5814
266.944,413.041,85.5569,85.5569
266.97,413.098,85.4416,85.4416
266.982,413.105,85.4263,85.4263
267.054,413.159,85.3845,85.3845
267.052,413.178,85.4031,85.4031
267.052,413.191,85.3979,85.3979
267.06,413.143,85.4725,85.4725
257.989,412.782,103.196,103.196
257.982,412.776,103.233,103.233
257.874,412.691,103.445,103.445
257.912,412.704,103.451,103.451
257.846,412.667,103.545,103.545
257.839,412.65,103.568,103.568
257.841,412.67,103.5,103.5
257.84,412.671,103.497,103.497
257.785,412.636,103.544,103.544
257.757,412.602,103.615,103.615
257.749,412.628,103.553,103.553
257.803,412.645,103.522,103.522
257.792,412.605,103.512,103.512
257.791,412.617,103.494,103.494
257.767,412.571,103.489,103.489
257.69,412.525,103.593,103.593
257.66,412.482,103.664,103.664
257.656,412.514,103.637,103.637
257.629,412.49,103.707,103.707
257.639,412.501,103.696,103.696
257.619,412.492,103.717,103.717
257.614,412.549,103.661,103.661
257.606,412.549,103.665,103.665
257.599,412.532,103.682,103.682
257.656,412.574,103.587,103.587
257.664,412.582,103.58,103.58
257.775,412.67,103.567,103.567
257.632,412.624,103.724,103.724
257.548,412.569,103.803,103.803
257.525,412.614,103.787,103.787
257.576,412.633,103.808,103.808
257.582,412.644,103.789,103.789
257.633,412.63,103.727,103.727
257.571,412.606,103.772,103.772
257.596,412.661,103.7,103.7
257.521,412.621,103.768,103.768
257.506,412.613,103.751,103.751
257.518,412.577,103.748,103.748
257.49,412.633,103.689,103.689
257.482,412.652,103.67,103.67
257.482,412.652,103.668,103.668
257.531,412.561,103.649,103.649
257.472,412.552,103.689,103.689
257.43,412.526,103.75,103.75
257.518,412.566,103.691,103.691
257.456,412.515,103.771,103.771
257.457,412.516,103.769,103.769
257.479,412.524,103.773,103.773
257.592,412.599,103.643,103.643
257.593,412.6,103.642,103.642
257.539,412.534,103.772,103.772
257.565,412.603,103.679,103.679
257.568,412.606,103.673,103.673
257.594,412.593,103.677,103.677
257.567,412.574,103.726,103.726
257.567,412.576,103.724,103.724
257.644,412.642,103.602,103.602
257.684,412.764,103.563,103.563
257.691,412.777,103.552,103.552
257.598,412.734,103.653,103.653
257.527,412.689,103.709,103.709
257.52,412.648,103.715,103.715
257.561,412.625,103.694,103.694
257.661,412.763,103.543,103.543
257.73,412.76,103.508,103.508
257.68,412.758,103.519,103.519
257.586,412.685,103.596,103.596
257.568,412.681,103.616,103.616
257.551,412.641,103.722,103.722
257.462,412.625,103.792,103.792
257.531,412.667,103.667,103.667
