140,27,30,123
140,27,32,124
139,25,32,126
138,25,34,127
138,26,37,125
137,26,33,126
135,27,42,127
133,27,44,127
133,27,42,127
133,27,42,128
134,30,36,125
133,30,40,126
131,31,43,126
134,30,35,125
132,31,37,125
132,30,35,126
128,30,44,128
130,31,41,128
130,30,37,125
131,32,33,122
129,29,43,127
131,31,39,125
133,27,34,128
131,29,40,126
133,29,36,127
133,29,38,127
133,30,38,126
136,30,31,125
136,31,32,123
134,30,41,125
137,29,32,128
136,31,36,125
137,31,33,127
138,32,30,124
136,32,33,127
135,33,37,125
133,32,41,126
133,33,40,126
135,34,31,125
131,34,42,126
132,34,37,126
132,33,36,125
130,33,40,125
133,35,34,120
130,33,40,126
134,34,31,125
129,33,44,124
130,34,45,125
130,35,44,125
130,37,43,125
131,34,42,127
132,35,38,126
133,38,34,122
134,37,32,121
132,36,37,126
130,35,39,127
131,37,40,124
133,36,35,125
131,35,45,126
133,35,42,126
133,35,41,125
133,34,42,127
134,35,39,124
135,35,40,124
133,34,44,126
133,35,45,126
135,35,41,125
135,36,42,125
137,37,37,123
134,37,43,125
137,38,37,116
134,36,44,126
136,39,38,123
133,39,43,124
132,40,44,122
130,41,44,121
125,40,48,122
111,38,60,123
109,38,60,124
101,37,64,122
98,37,60,122
103,37,50,120
91,36,62,119
87,35,63,118
86,35,62,116
87,40,56,107
89,42,52,105
90,42,51,104
93,46,49,84
83,44,63,106
94,52,52,71
98,46,65,81
106,35,60,88
105,39,68,86
109,37,73,92
114,35,64,94
113,35,65,99
112,33,70,107
107,33,74,108
100,44,90,85
111,35,63,108
110,35,65,111
111,33,64,112
107,32,79,106
102,31,85,109
105,33,79,103
128,39,41,100
112,39,68,122
115,40,66,105
119,40,58,98
124,39,46,85
126,41,43,82
127,34,62,95
131,34,51,95
132,34,46,120
126,33,55,122
111,33,70,124
126,38,49,116
118,38,54,112
118,32,62,106
117,32,67,122
130,38,37,119
135,44,35,124
130,40,43,131
127,42,64,110
131,30,65,116
131,29,67,117
126,33,80,113
131,39,66,102
133,40,57,98
136,48,42,101
134,53,47,105
135,56,48,106
122,60,91,90
129,65,57,112
129,67,56,113
121,67,66,113
108,60,87,118
102,56,97,118
93,60,116,89
93,68,120,45
93,74,139,25
90,46,136,69
95,17,119,102
107,13,105,107
123,-2,84,132
149,0,49,133
158,10,37,125
143,10,75,134
132,54,91,90
130,45,109,100
134,68,118,71
140,91,105,49
142,88,108,74
142,86,97,97
144,85,78,98
152,87,57,98
160,87,37,93
148,72,57,107
144,68,60,113
129,58,70,120
109,51,92,112
99,49,101,107
87,48,107,94
96,56,93,46
82,55,103,37
90,40,100,57
91,24,103,78
99,20,94,82
119,16,71,91
128,9,63,101
139,18,52,91
157,17,27,92
161,27,31,81
155,29,42,78
155,29,57,75
154,40,65,60
156,49,65,48
157,68,66,24
158,68,64,40
158,65,60,47
158,60,59,72
158,56,54,89
162,57,43,91
173,66,26,80
171,72,27,73
171,74,25,67
172,72,23,68
160,72,49,67
161,72,48,64
166,67,31,67
171,73,21,58
169,72,24,59
169,66,28,65
172,70,26,53
170,69,30,56
176,66,26,55
176,65,28,55
169,67,34,59
180,64,26,58
170,65,37,60
178,64,32,59
173,63,39,63
173,64,38,61
170,64,41,61
170,65,40,60
162,65,49,64
165,64,43,61
163,64,45,62
162,63,46,62
162,64,43,60
162,62,42,62
161,61,45,64
158,60,47,69
162,58,46,69
165,56,43,70
166,59,43,71
170,57,39,72
175,57,32,72
178,54,29,71
182,52,24,73
187,53,21,74
187,52,20,74
190,56,17,72
192,56,17,74
193,57,15,76
195,60,14,75
196,62,15,73
196,61,15,74
197,63,17,72
197,60,15,76
197,61,17,75
199,59,15,76
200,59,14,77
200,56,14,78
201,53,15,83
202,59,14,77
201,60,14,76
203,59,15,78
204,61,12,76
203,60,14,78
204,62,11,74
204,59,14,79
203,56,15,81
203,61,16,76
203,57,17,81
204,58,14,79
203,60,15,78
204,56,14,82
203,56,17,82
204,59,15,80
202,56,19,82
205,61,13,77
201,58,21,80
202,59,18,78
201,59,21,78
202,59,17,79
200,61,17,76
200,62,19,77
199,62,17,75
202,61,12,76
200,63,13,74
199,62,14,75
198,63,13,75
197,63,14,75
197,63,14,73
196,60,14,76
196,62,13,75
194,64,14,73
193,63,16,74
194,64,13,72
193,63,15,74
195,59,13,78
193,63,15,75
193,66,15,73
195,65,14,76
193,64,16,75
192,66,16,74
192,67,17,76
195,63,14,79
193,66,16,75
193,68,15,74
193,65,16,77
193,65,16,77
195,65,14,76
192,67,18,76
194,66,16,75
194,67,16,76
194,67,16,75
195,66,16,75
194,67,17,75
196,66,15,77
197,66,14,74
197,65,15,75
196,66,17,74
195,65,20,75
198,65,15,75
199,67,15,72
199,64,14,75
197,65,18,74
199,66,14,73
198,65,16,72
198,64,16,74
198,62,16,74
197,62,16,75
194,61,21,75
195,64,19,73
194,61,19,76
193,62,21,75
193,63,21,74
192,62,24,76
191,62,26,76
191,61,26,76
188,63,30,75
190,63,25,76
186,62,32,76
186,63,30,75
183,63,36,74
184,64,31,73
182,66,32,71
182,70,32,67
180,70,36,70
176,78,35,54
168,79,50,55
169,78,46,53
167,78,49,54
165,73,40,61
166,72,39,61
166,70,40,63
157,70,51,67
157,68,47,66
156,70,45,64
157,71,35,65
156,70,36,66
154,69,36,56
146,70,53,69
146,69,56,68
146,67,53,68
139,67,42,53
147,65,34,54
147,66,28,54
147,67,30,62
149,67,26,62
148,68,30,65
142,67,39,70
145,65,34,70
138,63,45,68
141,60,47,72
142,53,45,77
147,51,40,79
151,51,36,79
151,47,37,81
153,45,39,80
156,42,38,82
159,46,35,78
158,41,39,82
162,42,36,80
159,41,42,79
161,46,40,76
161,50,44,70
165,52,43,65
165,56,46,63
168,63,39,58
173,66,33,56
168,69,43,62
169,75,44,62
171,77,42,61
170,76,51,63
170,80,58,62
170,80,59,59
175,84,59,50
185,88,38,33
185,77,56,37
185,63,55,61
189,52,46,70
188,51,47,72
191,69,38,54
192,48,33,72
192,47,27,69
183,47,40,75
176,53,48,61
177,55,50,58
185,74,42,25
181,68,48,40
179,66,51,47
184,64,37,55
191,53,25,64
195,48,18,68
197,43,16,70
194,38,24,72
191,42,30,62
186,38,39,62
181,35,44,60
173,33,59,59
173,40,60,36
174,45,50,13
174,45,51,14
172,37,47,29
169,20,52,51
168,22,51,50
169,19,41,55
169,18,41,58
172,17,31,59
173,16,22,61
171,19,23,58
173,31,23,44
169,39,26,39
167,48,22,27
164,48,27,30
163,57,27,14
161,53,31,31
157,56,34,40
162,57,29,48
166,59,23,50
169,64,19,52
171,70,18,55
172,73,19,51
170,69,20,55
167,69,27,54
161,64,35,54
153,64,51,56
157,68,45,37
158,66,46,29
161,71,40,16
156,64,38,28
154,58,39,40
153,55,38,45
158,47,28,52
160,48,18,51
160,58,15,40
155,52,20,48
145,56,32,46
145,60,31,40
138,68,41,38
136,78,37,24
135,76,37,40
138,78,32,36
134,78,31,40
134,78,31,40
139,78,27,36
139,75,29,39
140,75,26,39
141,73,27,41
142,72,23,40
139,70,30,43
147,73,22,39
143,70,28,42
149,71,19,40
149,72,24,39
152,74,20,36
152,74,18,39
150,74,22,38
152,76,19,35
152,76,21,36
152,74,21,37
149,75,26,41
149,74,26,41
152,77,19,36
151,75,22,38
152,74,22,39
154,75,17,38
152,73,20,41
154,72,17,43
155,71,15,44
154,70,16,45
153,67,18,47
152,66,21,48
153,64,20,50
156,65,15,50
157,62,14,53
158,60,14,55
158,63,15,52
157,62,17,52
156,60,19,56
158,62,16,55
158,61,16,56
156,61,20,57
156,61,20,58
153,60,27,59
150,60,34,61
149,62,38,58
150,61,38,52
148,60,40,48
151,62,29,57
153,61,25,60
156,66,20,56
156,68,20,52
155,65,19,55
154,66,19,57
156,67,20,58
153,66,22,55
156,68,18,53
150,69,38,59
150,67,37,52
156,70,18,59
154,67,21,62
151,69,24,58
148,68,27,47
152,70,24,58
147,69,30,58
151,68,24,61
150,69,25,57
155,71,18,53
151,71,22,58
148,70,23,48
147,69,24,47
146,72,24,48
145,71,23,52
147,73,23,46
141,73,32,55
145,72,20,48
147,73,19,44
141,73,23,59
138,71,26,65
132,68,38,58
131,67,43,61
138,69,35,58
138,66,35,60
136,65,37,67
139,64,36,70
144,64,26,67
145,63,24,68
143,62,26,70
143,63,26,69
149,62,15,71
147,61,20,74
147,60,17,74
144,60,21,75
143,64,22,74
141,64,25,73
144,63,19,74
140,65,25,72
138,63,29,73
139,65,26,72
142,65,19,74
140,64,24,74
137,62,27,76
141,65,20,75
144,65,15,75
142,64,17,75
143,62,17,78
144,64,19,74
143,66,20,72
141,64,23,74
143,63,21,75
148,62,15,75
147,64,15,75
148,63,16,74
145,63,20,75
146,63,18,74
148,62,15,74
146,62,19,74
147,61,15,75
146,62,18,73
148,62,14,74
147,62,16,74
147,62,15,74
142,62,26,76
144,63,25,74
146,64,17,74
141,65,27,74
140,63,29,75
139,64,31,77
139,64,29,75
142,66,21,74
139,64,31,74
136,65,33,74
