302,135,67,81
308.154,136.161,71.6636,85.9963
303.968,139.477,73.2624,87.9149
302.236,141.546,75.7976,90.9571
304.081,143.545,75.2505,90.3007
300.987,137.594,85.9963,103.196
300.987,128.995,85.9963,103.196
300.987,120.395,85.9963,103.196
315.32,150.494,71.6636,85.9963
316.514,155.271,59.7197,71.6636
316.514,155.271,59.7197,71.6636
315.32,136.161,71.6636,85.9963
322.232,131.774,71.5891,85.9069
340.402,149.299,59.7197,71.6636
343.985,137.594,85.9963,103.196
358.318,136.161,71.6636,85.9963
357.57,133.465,72.9409,87.5291
356.052,130.991,75.6128,90.7354
336.819,114.662,71.6636,85.9963
340.402,131.383,59.7197,71.6636
346.772,126.555,59.5425,71.451
352.585,94.596,85.9963,103.196
357.117,91.2408,86.8983,104.278
361.798,89.9323,88.6184,106.342
378.225,104.509,49.7664,59.7197
379.817,107.495,71.6636,85.9963
384.463,110.663,70.3699,84.4439
379.817,100.329,71.6636,85.9963
369.792,88.2202,69.3394,83.2073
364.29,89.5795,59.7197,71.6636
365.484,100.329,71.6636,85.9963
335.386,51.5978,85.9963,103.196
330.635,47.7641,89.943,107.932
361.185,77.3967,85.9963,103.196
437.148,157.66,71.6636,85.9963
455.781,171.993,85.9963,103.196
473.082,193.178,91.789,110.147
378.225,114.463,49.7664,59.7197
268.739,89.5795,59.7197,71.6636
472.98,189.192,85.9963,103.196
465.814,179.159,71.6636,85.9963
451.481,164.826,71.6636,85.9963
377.395,87.0912,41.472,49.7664
358.318,78.83,71.6636,85.9963
385.69,78.7968,41.472,49.7664
458,102,20,24
346.374,53.7477,59.7197,71.6636
244.8,74.88,28.8,34.56
267.84,95.04,28.8,34.56
288,103.68,28.8,34.56
481.579,240.79,85.9963,103.196
472.98,214.991,71.6636,85.9963
458.647,207.824,71.6636,85.9963
453.87,209.019,59.7197,71.6636
447.731,208.706,59.6732,71.6078
278,28,20,24
447.898,232.907,59.7197,71.6636
453.87,250.823,59.7197,71.6636
458.861,276.301,64.8527,77.8233
306,114,20,24
316.8,115.2,28.8,34.56
312,110.4,24,28.8
46,210,20,24
403.108,218.972,49.7664,59.7197
336.96,115.2,28.8,34.56
334.08,115.2,28.8,34.56
333.6,120,24,28.8
317.952,235.008,34.56,41.472
16,314,20,24
393.984,261.274,41.472,49.7664
435.954,244.851,59.7197,71.6636
423.991,255.36,62.3836,74.8603
352.8,115.2,24,28.8
250,202,20,24
153.727,269.568,20,24
135.925,256.767,39.7261,47.6713
318,276,20,24
9.6,88.8,24,28.8
69.6,237.6,24,28.8
62,232,20,24
156,106,20,24
Tracking failure detected
46,210,20,24
40.1639,204.07,21.6565,25.9878
406,274,20,24
318,118,20,24
314,122,20,24
92,158,20,24
102,104,20,24
21.6,180,24,28.8
18.3892,176.165,25.1771,30.2125
16.1383,172.952,25.5524,30.6628
15.1185,169.989,25.3705,30.4446
79.6262,233.902,49.7664,59.7197
79.6262,228.925,49.7664,59.7197
75.7992,222.091,56.1087,67.3304
73.4976,217.955,58.836,70.6032
136,152,20,24
Tracking failure detected
Tracking failure detected
Tracking failure detected
Tracking failure detected
72,156,20,24
Tracking failure detected
Tracking failure detected
318,90,20,24
290,288,20,24
286.606,273.183,21.9629,26.3555
Tracking failure detected
34,116,20,24
Tracking failure detected
Tracking failure detected
Tracking failure detected
Tracking failure detected
Tracking failure detected
Tracking failure detected
Tracking failure detected
Tracking failure detected
522,282,20,24
Tracking failure detected
Tracking failure detected
350,58,20,24
351.243,58.6224,20.7047,24.8456
354,62,20,24
352.8,62.4,24,28.8
363.223,66.1432,22.6714,27.2056
366,66,20,24
370.129,66.7137,19.8664,23.8397
375.965,67.6152,20.2282,24.2738
Tracking failure detected
379.2,72,24,28.8
384,76.8,24,28.8
384.547,82.2882,23.9951,28.7941
306,144,20,24
305.28,141.12,28.8,34.56
308.277,141.075,28.3342,34.0011
307.402,138.512,31.695,38.034
434,168,20,24
Tracking failure detected
Tracking failure detected
376,106,20,24
Tracking failure detected
Tracking failure detected
560,274,20,24
12,16,20,24
60.9164,111.723,20,24
362.4,98.4,24,28.8
355.276,93.3047,25.1167,30.1401
252,296,20,24
284.245,298.149,20,24
40,8,20,24
230,304,20,24
220,304,20,24
213.63,302.865,20.3669,24.4403
208,302,20,24
118,100,20,24
30,152,20,24
32,128,20,24
89.856,48.384,34.56,41.472
194.4,304.8,24,28.8
202,310,20,24
204,312,20,24
208.8,314.4,24,28.8
218.4,316.8,24,28.8
230.4,319.2,24,28.8
236,322,20,24
244.8,324,24,28.8
254.4,326.4,24,28.8
262.675,329.692,23.1958,27.835
271.876,335.055,20.8812,25.0575
307.584,158.976,34.56,41.472
312.97,162.613,34.3723,41.2467
315.714,166.475,34.7168,41.6601
318.468,169.777,34.359,41.2308
555.84,216,28.8,34.56
Tracking failure detected
279.36,43.2,28.8,34.56
282.78,45.2956,30.4866,36.584
285.538,46.3898,32.335,38.8021
302.4,52.8,24,28.8
288.864,41.4562,51.0424,61.2509
311.04,34.56,28.8,34.56
540,160,20,24
298.598,34.8365,49.7664,59.7197
297.385,22.9482,62.4958,74.9949
304.57,23.8879,59.7197,71.6636
300.987,8.59963,85.9963,103.196
527.04,152.64,28.8,34.56
182.4,132,24,28.8
203.904,134.784,34.56,41.472
206.658,131.879,33.1481,39.7777
210,102,20,24
514,116,20,24
211.507,153.446,41.472,49.7664
214.272,155.52,34.56,41.472
240,120,24,28.8
4.1472,124.416,41.472,49.7664
120,189.6,24,28.8
154,98,20,24
104,212,20,24
56,196,20,24
103.2,134.4,24,28.8
146,124,20,24
208,76,20,24
580,22,20,24
138.24,114.048,34.56,41.472
144,115.2,28.8,34.56
114,138,20,24
124.8,124.8,24,28.8
128,158,20,24
208,124,20,24
Tracking failure detected
103.196,103.196,85.9963,103.196
34,36,20,24
447.898,250.823,59.7197,71.6636
128,232,20,24
126,232,20,24
604,222,20,24
580,22,20,24
220,112,20,24
66,72,20,24
68,68,20,24
42,114,20,24
152,192,20,24
58,38,20,24
406.094,214.991,59.7197,71.6636
48.96,192.96,28.8,34.56
180,82,20,24
8,64,20,24
144,156,20,24
60,178,20,24
320,164,20,24
314,162,20,24
32,32,20,24
320,170,20,24
58,186,20,24
310,182,20,24
310.179,182.656,20.1538,24.1846
130,162,20,24
480,261.6,24,28.8
266,152,20,24
265.431,148.082,26.1391,31.3669
269.046,141.599,24.6401,29.5681
395.583,189.192,85.9963,103.196
396.27,195.905,89.0208,106.825
396.884,198.943,89.081,106.897
276,130,20,24
276,134,20,24
302,190,20,24
362.88,120.96,34.56,41.472
342,100,20,24
400,130,20,24
385.92,123.84,28.8,34.56
394,130,20,24
282,106,20,24
282,108,20,24
292,116,20,24
286,120,20,24
460.8,181.44,28.8,34.56
460.8,184.32,28.8,34.56
461.033,189.873,28.5577,34.2693
461.656,197.98,27.7189,33.2627
461.376,206.704,30.0099,36.0119
262.08,92.16,28.8,34.56
258,102,20,24
172,72,20,24
62,72,20,24
248,126,20,24
351.36,115.2,28.8,34.56
350.747,116.124,26.6332,31.9599
246,108,20,24
243.625,105.907,19.4214,23.3057
322.486,100.329,71.6636,85.9963
442.921,194.089,49.7664,59.7197
447.898,207.36,41.472,49.7664
447.917,212.904,43.9564,52.7477
444,124,20,24
244,96,20,24
244,94,20,24
444,130,20,24
216,118,20,24
574,16,20,24
210,116,20,24
228,50,20,24
171.993,137.594,85.9963,103.196
171.993,154.793,85.9963,103.196
170.149,156.629,92.3506,110.821
457.851,204.042,49.7664,59.7197
180.592,137.594,85.9963,103.196
184.739,132.099,83.042,99.6504
466.56,172.8,34.56,41.472
467.196,166.241,34.7896,41.7475
467.006,161.504,37.0725,44.487
490,146,20,24
472,120,20,24
393.984,149.299,41.472,49.7664
394.938,143.45,41.5287,49.8344
395.608,134.363,41.2377,49.4853
398.131,124.416,41.472,49.7664
481.075,199.066,41.472,49.7664
480.866,186.003,44.2291,53.075
482.387,174.06,42.8617,51.434
400.122,161.243,59.7197,71.6636
102,258,20,24
42,186,20,24
402,72,20,24
400.8,67.2,24,28.8
444,116,20,24
446.348,112.35,19.2903,23.1484
449.436,111.428,17.7209,21.2651
92,164,20,24
235.2,122.4,24,28.8
244,128,20,24
438,60,20,24
595.2,100.8,24,28.8
598.941,98.1589,22.8944,27.4733
604.074,98.0494,22.285,26.7419
609.602,100.24,23.0786,27.6943
614.867,105.874,25.0551,30.0661
507.617,159.252,49.7664,59.7197
376.8,158.4,24,28.8
441.6,110.4,24,28.8
441.6,108,24,28.8
441.6,108,24,28.8
276.48,79.488,34.56,41.472
429.12,106.56,28.8,34.56
426.24,103.68,28.8,34.56
422.966,104.542,28.8661,34.6393
420.48,106.56,28.8,34.56
541.777,51.5978,85.9963,103.196
588,78,20,24
506.88,169.92,28.8,34.56
505.646,168.58,29.3932,35.2719
504.315,164.016,29.7446,35.6936
502.897,161.177,28.1373,33.7648
496,162,20,24
466,24,20,24
490,162,20,24
556,92,20,24
544.453,87.7605,30.3242,36.389
400.8,110.4,24,28.8
401.798,105.49,23.7524,28.5028
403.17,99.8056,23.6441,28.3729
324,118,20,24
396,134,20,24
403.2,97.92,28.8,34.56
406,102,20,24
532.224,31.104,34.56,41.472
529.202,29.3828,34.8126,41.7751
330,48,20,24
328,50,20,24
420,24,20,24
466.56,131.328,34.56,41.472
464.793,131.015,34.8496,41.8196
462.952,131.253,34.8236,41.7883
537.6,33.6,24,28.8
540,32,20,24
466,70,20,24
550,48,20,24
530.4,28.8,24,28.8
275.188,60.1974,85.9963,103.196
452.16,57.6,28.8,34.56
377.28,72,28.8,34.56
382,150,20,24
170,178,20,24
170.465,177.561,20.903,25.0836
171.025,180.26,21.052,25.2624
223.949,69.673,49.7664,59.7197
229.324,64.4973,71.6636,85.9963
308,38,20,24
536,34,20,24
226.935,59.7197,59.7197,71.6636
344,46,20,24
0,263.762,49.7664,59.7197
4.97664,263.762,49.7664,59.7197
352,54,20,24
598,312,20,24
583.522,311.834,26.8295,32.1954
367.2,144,24,28.8
371.221,149.739,26.2822,31.5386
371.657,150.264,35.523,42.6276
375.8,154.953,33.2418,39.8901
304,78,20,24
300,84,20,24
452.045,124.416,41.472,49.7664
440,128,20,24
441.6,132,24,28.8
457.851,129.393,49.7664,59.7197
424.8,146.4,24,28.8
422,154,20,24
419.84,157.116,22.9951,27.5941
463.68,132.48,28.8,34.56
