73,126,29,23
73.8325,125.834,28.3703,22.5006
72,127.2,30,24
72,127.2,30,24
72,127.2,30,24
76.8,127.2,30,24
77.4611,127.311,30.1011,24.0809
76.8,129.6,30,24
77.2764,129.241,30.0986,24.0789
77.7698,128.972,30.4844,24.3875
77.7698,128.972,30.4844,24.3875
78.1105,128.986,30.3503,24.2802
79.1122,128.756,30.2522,24.2018
79.6006,128.251,30.6624,24.5299
80,130,25,20
80.5368,129.235,25.4776,20.3821
81.1537,129.212,25.2315,20.1852
82,130,25,20
82,124,25,20
82.731,123.524,24.658,19.7264
82.8436,123.502,24.7195,19.7756
86,124,25,20
90,124,25,20
90,122,25,20
90.6499,121.972,25.0178,20.0143
90.9535,122.315,24.9163,19.9331
88,122,25,20
90,124,25,20
90,124,25,20
90.2197,124.117,25.115,20.092
90,122,25,20
92,124,25,20
92,124,25,20
92,124,25,20
92.09,123.946,25.0946,20.0757
90,130,25,20
90,130,25,20
96,124,25,20
96,124,25,20
96.252,124.541,24.9551,19.9641
96.3273,124.883,24.8281,19.8625
96.5081,125.414,24.9109,19.9287
96.7667,125.912,24.7899,19.8319
98,126,25,20
98.3177,126.588,24.7989,19.8391
98.4333,127.062,24.6919,19.7535
98,128,25,20
98,128,25,20
98,128,25,20
98,128,25,20
98.1606,127.914,25.0997,20.0797
100,128,25,20
100,128,25,20
100.421,127.76,25.0845,20.0676
100.582,127.636,25.0745,20.0596
100.834,127.532,25.192,20.1536
94,134,25,20
94.6869,133.803,24.9314,19.9451
94.9236,133.841,24.7819,19.8255
102,126,25,20
102,126,25,20
102,126,25,20
102.201,125.875,24.9695,19.9756
102,126,25,20
100,124,25,20
100,124,25,20
96,132,25,20
95.9805,131.841,25.2667,20.2134
96.1617,131.799,25.4114,20.3291
96.4583,131.834,25.2253,20.1802
98.4,124.8,30,24
98.5045,124.859,30.1402,24.1122
98,132,25,20
97.9149,132.101,25.1486,20.1189
98.1993,132.237,24.863,19.8904
98.1827,132.172,24.941,19.9528
98.4,132,30,24
106,126,25,20
100.8,124.8,30,24
100.894,124.633,29.8109,23.8487
100.84,124.794,29.957,23.9656
100.8,124.8,30,24
100.8,124.8,30,24
100.8,124.8,30,24
100,134,25,20
100,134,25,20
100.8,124.8,30,24
100.801,124.775,29.8963,23.9171
100.792,124.758,30.0434,24.0347
100.8,124.8,30,24
100.706,124.66,30.1327,24.1062
100.558,124.911,30.1697,24.1357
100.406,124.419,30.1945,24.1556
100.608,124.672,30.1542,24.1234
100.654,124.411,30.0761,24.0609
100.782,124.568,29.9068,23.9254
100.596,124.543,29.9942,23.9954
100.538,124.439,30.0176,24.0141
100.594,124.65,29.8541,23.8833
100.662,124.34,29.99,23.992
100.695,124.637,29.813,23.8504
102,126,25,20
101.918,126.077,25.3359,20.2687
100,126,25,20
100.054,126.038,25.0897,20.0718
102,126,25,20
102,126,25,20
110,126,25,20
110.075,125.688,25.0258,20.0206
110,126,25,20
110.101,125.848,24.8933,19.9146
110.051,125.788,24.8392,19.8714
109.945,125.718,25.0951,20.0761
108,122.4,30,24
108.005,122.523,30.0828,24.0663
108,120,30,24
108,122.4,30,24
108.066,122.387,29.8481,23.8785
110,124,25,20
110,124,25,20
110,124,25,20
110,124,25,20
110,124,25,20
110.022,123.91,24.8259,19.8608
110.034,123.904,24.7821,19.8257
109.963,123.89,25.005,20.004
110.061,123.647,24.9446,19.9557
110,124,25,20
109.977,123.763,24.9569,19.9655
110,124,25,20
110.056,123.892,25.1095,20.0876
110,124,25,20
109.845,124,25.054,20.0432
110,124,25,20
109.902,123.896,25.0688,20.055
110.019,124.251,24.9389,19.9511
109.981,124.078,25.0514,20.0411
110,124,25,20
109.979,124.021,25.1906,20.1525
110,124,25,20
112,124,25,20
110,124,25,20
110,124,25,20
110.081,123.902,24.9162,19.9329
110.182,123.868,24.8153,19.8522
110,124,25,20
109.947,123.779,25.113,20.0904
109.794,123.971,25.1858,20.1487
110,124,25,20
109.913,123.81,25.0276,20.022
109.924,123.96,25.037,20.0296
104,124,25,20
104,124,25,20
102,124,25,20
102,124,25,20
103.2,120,30,24
104,124,25,20
102,124,25,20
110,124,25,20
109.904,123.998,24.8864,19.9091
110,124,25,20
110,124,25,20
110,124,25,20
109.92,124.282,24.9733,19.9786
109.922,124.142,25.148,20.1184
109.963,124.323,25.0009,20.0007
110.022,124.282,25.0826,20.0661
109.971,124.329,25.0802,20.0641
110.106,124.337,25.0802,20.0642
110,124,25,20
110,124,25,20
109.92,124.056,25.121,20.0968
110,124,25,20
109.934,124.037,24.823,19.8584
110.008,123.692,24.9554,19.9643
110,123.688,25.0692,20.0554
110.018,123.429,24.9236,19.9389
110.077,123.611,25.0377,20.0302
110.291,123.548,24.8998,19.9198
110.285,123.662,25.0164,20.0131
110.509,123.735,24.95,19.96
110.541,123.611,25.0783,20.0626
110.535,124.004,25.0555,20.0444
110.617,123.872,25.0407,20.0325
110.773,124.206,24.9051,19.9241
111.027,124.715,24.617,19.6936
111.073,124.758,24.4958,19.5966
146,122,25,20
146.055,121.874,25.1962,20.1569
146.165,121.818,25.358,20.2864
148,122,25,20
148,122,25,20
148.011,121.88,25.2422,20.1938
148,122,25,20
148,122,25,20
146,122,25,20
145.891,121.652,25.1923,20.1538
112,124,25,20
114,124,25,20
114,124,25,20
114.034,123.684,25.2355,20.1884
114.055,123.784,25.2921,20.2337
114.073,123.625,25.191,20.1528
114.11,123.552,25.2577,20.2061
114.22,123.529,25.5646,20.4517
114.426,123.568,25.3895,20.3116
114.602,123.598,25.3141,20.2513
114.779,123.71,25.2592,20.2074
114.975,123.775,25.1649,20.1319
114.938,124.002,25.1673,20.1338
114.997,123.845,25.2098,20.1678
150,122,25,20
116,124,25,20
116,122,25,20
115.908,122.157,25.2445,20.1956
115.922,122.085,25.3775,20.302
115.969,122.635,25.4841,20.3873
116.012,122.578,25.6639,20.5311
116.101,122.874,25.5794,20.4635
116.162,122.91,25.6189,20.4951
116.31,122.941,25.5865,20.4692
116.691,123.135,25.4765,20.3812
152,122,25,20
152.003,121.89,25.203,20.1624
152,122,25,20
152.005,121.803,25.1468,20.1174
152.025,121.813,25.1217,20.0974
152.142,121.646,25.1997,20.1598
148,122,25,20
148.136,121.755,24.9939,19.9951
160,120,25,20
152,122,25,20
152.028,121.678,25.2067,20.1653
152,122,25,20
152.166,122.038,24.9583,19.9666
152,122,25,20
160,120,25,20
150,122,25,20
152,122,25,20
150,122,25,20
150.076,122.066,25.1076,20.0861
150.006,122.284,25.2258,20.1806
150,122,25,20
150,124,25,20
150,122,25,20
150,122,25,20
150,122,25,20
150,122,25,20
116,128,25,20
150,122,25,20
150.201,122.12,24.9941,19.9953
150.297,121.811,24.8949,19.9159
150.324,121.757,24.799,19.8392
150,122,25,20
65.6916,95.5515,74.6496,59.7197
50.1645,85.9963,89.5795,71.6636
49.9502,86.028,89.9747,71.9798
50.1645,93.1627,89.5795,71.6636
162,122,25,20
120,124,25,20
119.967,123.77,25.2781,20.2225
120,126,25,20
119.602,125.804,25.4909,20.3927
122,124,25,20
121.871,123.927,25.5074,20.4059
122,124,25,20
122,124,25,20
122,124,25,20
44,208,25,20
43.5696,207.618,25.2374,20.1899
118.08,120.96,36,28.8
140,122,25,20
140,122,25,20
140,122,25,20
120,122,25,20
119.81,121.364,25.2513,20.201
119.191,120.633,25.9526,20.7621
118.969,120.241,26.1561,20.9249
118.384,119.67,26.5421,21.2337
118.055,119.182,26.8686,21.4949
117.6,117.6,30,24
118,122,25,20
118,122,25,20
118,122,25,20
117.429,122.205,25.4471,20.3577
118,118,25,20
118,124,25,20
117.752,124.574,25.1774,20.1419
117.257,124.708,25.2046,20.1637
116.774,125.201,25.265,20.212
116.427,124.987,25.2792,20.2234
114,126,25,20
114,126,25,20
116,118,25,20
114,118,25,20
114,118,25,20
113.322,117.828,25.2964,20.2371
112.737,117.626,25.5743,20.4595
112.274,117.649,25.3746,20.2997
111.656,117.872,25.4679,20.3743
111.286,117.631,25.5248,20.4198
110.91,117.615,25.4579,20.3663
148,126,25,20
148.004,125.732,25.1725,20.138
148,126,25,20
150,126,25,20
149.93,126.151,25.2092,20.1674
148,128,25,20
148,126,25,20
147.954,127.182,25.0438,20.0351
150,130,25,20
104,122,25,20
102.882,122.607,25.2929,20.2343
102.237,123.181,25.141,20.1128
101.185,123.6,25.4368,20.3494
100.107,123.89,25.6667,20.5334
99.2736,124.262,25.6094,20.4875
98.4257,123.906,25.6379,20.5103
97.4209,124,25.5228,20.4182
96.519,123.212,25.4392,20.3513
95.4182,122.693,25.5406,20.4325
94.4282,121.826,25.7775,20.622
93.2831,120.928,26.0484,20.8387
146,128,25,20
146,128,25,20
145.404,127.712,24.8564,19.8851
144.815,127.206,24.9085,19.9268
144.298,126.901,24.9475,19.958
144,128,25,20
142.991,127.739,25.0448,20.0359
142,128,25,20
141.512,128.423,25.0294,20.0235
140,126,25,20
139.2,127.2,30,24
138.614,127.181,30.0907,24.0726
136,128,25,20
134.983,128.689,25.161,20.1288
133.844,129.634,25.5564,20.4451
136,130,25,20
66.24,118.08,36,28.8
134,134,25,20
134,134,25,20
132,132,30,24
131.432,132.262,30.2858,24.2286
129.928,132.9,30.1779,24.1423
132,134,25,20
132,134,25,20
130,134,25,20
128.677,134.142,25.2107,20.1685
127.748,134.522,25.3414,20.2731
156,110,25,20
154.739,110.338,25.4273,20.3418
154,110,25,20
152.754,110.318,25.307,20.2456
151.582,110.103,25.5041,20.4033
150.572,109.961,25.5202,20.4161
149.598,109.68,25.5321,20.4257
148.344,109.395,25.8382,20.6706
148,110,25,20
115.2,134.4,30,24
260,116,25,20
259.673,115.9,24.8208,19.8567
259.113,115.545,24.7087,19.7669
110.4,134.4,30,24
106.56,132.48,36,28.8
96,132,30,24
94.5056,131.709,30.3026,24.242
103.2,136.8,30,24
102.116,136.764,29.95,23.96
20,116,25,20
100.8,134.4,30,24
100.8,134.4,30,24
93.6,134.4,30,24
91.9818,134.406,30.3963,24.3171
90.804,134.34,30.4938,24.3951
89.7002,134.379,30.567,24.4536
0,116,25,20
10,118,25,20
8,116,25,20
6.68137,115.747,25.2227,20.1782
5.20745,115.766,25.4751,20.3801
4.14453,115.445,25.4843,20.3875
2.84251,115.28,25.6132,20.4906
2,118,25,20
86,128,25,20
74.88,138.24,36,28.8
74.88,138.24,36,28.8
63.36,132.48,36,28.8
86,130,25,20
84.7078,129.742,25.3514,20.2811
63.36,132.48,36,28.8
62.6953,132.489,36.195,28.956
62.208,131.328,43.2,34.56
