330.04,162.4,38.11,50.88
333.84,164.19,31.44,50.58
338.06,165.47,26.32,54.22
336.35,163.65,31.25,58.69
330.4,161.96,35.96,58.45
331.16,163.7,33.25,46.49
330.26,164.69,30.66,56.51
331.01,165.61,30.53,48.82
327.09,164.61,33.58,64.52
331.28,164.03,29.95,60
330.68,164.68,29.68,59.46
333.05,165.55,25.33,59.88
321.84,163.8,38.7,62.74
325.85,165.28,26.69,63.53
326.86,167.35,29.77,68.35
327.5,166.74,30.26,62.82
325.35,166.12,27.74,59.68
329.38,168.3,21.69,60.64
328.28,168.19,27.22,64.09
329.14,167.16,24,56.85
326.57,166.47,27.23,57.73
324.63,160.78,28.93,63.65
318.85,158.09,38.48,73.46
325.21,159.07,30.86,68.98
326.91,160.79,30.46,68.36
324.76,159.84,31,71.78
325.89,158.64,29.18,72.09
322.17,154.1,33.43,73.06
324.8,156.34,31.91,66.8
327.4,157.5,28.05,67.67
327.49,159.42,26.79,64.51
325.79,157.57,31.15,68.39
327.15,157.37,27.29,66.97
327.91,157.27,27.74,61.65
326.92,150.84,33.07,66.69
331.6,154.44,25.01,67.99
330.09,153.98,28.41,72.96
327.09,158.78,31.68,69.82
328.9,157.6,30.65,57.11
334.02,154.51,28.18,65.03
331.53,155.84,29.53,67.11
332.65,154.76,25.84,69.87
331.79,151.81,27.6,72.41
329.33,150.72,29.78,73.3
329.92,150.66,28.39,69.61
329.59,150.31,30,68.39
327.88,150.89,33.66,67.51
333.82,152.05,25.53,75.2
328.22,151.58,32.19,79.26
331.55,149,25.74,66.38
334.22,150.69,24.36,71.13
332.23,151.94,28.08,75.05
327.2,150.72,37.41,78.99
332.72,150.52,34.15,77.03
334.21,150.83,33,72.3
334.2,149.62,32.41,74.21
338.72,152.65,24.76,75.65
337.27,152.89,26.73,75.62
335.13,151.37,28.31,82.52
336.66,149.34,25.59,64.82
337,151,25,70
336.6,150.53,25.53,69.66
331.61,151.93,27.75,72.54
327.39,149.62,31.74,77.73
328.86,148.67,28.64,73.69
327.69,148.89,29.34,72.79
328,150.21,27.61,69.59
326.32,151.14,26.63,71.26
318.7,150.62,31.87,81.45
319.42,148.77,30.34,82.28
322.44,148.42,26.11,61.88
325.91,148.1,24.17,71.8
323.37,147.67,28.18,75.54
322.29,147.89,27.16,80.74
319.41,145.75,32.31,74.07
318.02,146.94,36.04,73.91
324.42,148.6,25.43,72.52
321.34,148.89,27.94,71.69
323.08,149.2,25.06,77.52
324.05,148.01,24.27,69.94
321.59,149.47,28.12,60.99
323.9,145.91,26.48,72.6
320.02,146.98,30.47,67.85
319.06,143.81,31.07,77.88
314.2,143.19,38.8,84.45
318.45,144.31,34,80.7
322.7,149.52,25.11,72.14
322.45,150.72,25.24,67.69
326.31,150.31,20.37,75.85
322.28,145.05,35.85,84.63
324.9,147.3,33.16,83.14
325.12,148.22,33.55,72.21
332.45,150.8,27.8,69.93
328.73,148.99,32.77,71.01
330.59,147.74,29.98,81.13
327.59,147.12,34.32,83.39
332,146.18,32.87,79.75
336.55,145.72,29.53,74.67
336.24,146.74,26.27,78.3
336.18,146.8,26.25,78.26
337.99,145.69,23.88,82.97
336.48,144.01,34.31,72.86
339.78,145.97,28.7,73.08
335.03,144.7,40.57,81.47
337,145,37,81
330.96,146.38,44.67,81.52
336.87,147.71,26.49,81.93
335.98,146.57,30.38,82.68
343.56,146.1,25.42,74.95
342.49,148.35,28.6,80.54
344.7,145.35,27.22,86.81
345.4,149.53,31.56,76.9
346.96,146.93,35.65,71.86
348.05,148.64,40.91,77.37
351.09,144.69,41.4,90.2
350.29,148.82,42.42,89.63
353.51,146.55,34.08,95.63
362.28,150.57,23.78,77.65
361.43,146.02,32.48,82.32
360.57,150.49,33.85,80.62
361.1,148.88,34.81,83.64
365.64,147.64,28.53,95.18
365.5,144.66,35.22,82.82
366.7,146.44,36.43,86.83
360.95,148.7,45.19,88.93
358.14,145.72,47.14,95.26
362.92,150.48,31.67,90.65
363.53,150.47,34.74,85.23
362.87,151.66,33.37,79.4
368.81,150.06,35.35,86.33
368.83,146.44,39.91,98.83
366.46,151.61,39.12,97.85
369.53,150.9,37.76,98.16
370.13,150.56,42.47,86.23
378.59,150.25,37.82,91.21
379.5,148.83,38.02,93.9
376.55,152.65,41.7,98
384.38,154.24,24.75,100.77
377.78,155.59,38.96,97.83
386.09,156.63,32.8,83.5
391.42,158.43,29.15,84.56
392.16,158.87,27.91,86.54
389.35,162.08,33.99,94.56
388.05,158.07,36.72,100.85
393.14,160.97,32.98,84.2
396.85,156.47,33.47,71.88
395.43,160.91,38.9,76.44
397.39,163.44,37.95,96.82
397.02,163.23,41.61,103.38
402.26,161.3,39.66,86.14
409.52,160.49,37.88,92.17
410.17,162.98,33.04,65.92
411.12,160.29,32.3,89.43
411.34,163.58,30.74,96.01
412.09,158.49,28.09,76.32
411.53,157.44,27.98,77.58
402.63,153.68,46.92,75.31
404.31,156.26,42.02,71.61
405.34,157.69,39.26,99.7
403.94,158.37,39.64,98.43
405.2,159.45,33.05,82.68
408.67,157.77,39.8,88.73
413.64,160.19,35.34,73.57
416.27,160.99,30.41,86.31
415.4,158.95,38.29,105.59
415.68,161.55,40.17,99.87
424.42,160.36,33.66,78.6
423,161,48,85
434.96,161.76,39.06,96.39
435.99,159.03,42.84,100.72
444.63,161.67,31.97,94.19
450.21,162.54,31.22,82.65
454.58,162.63,36.85,87.2
455.57,160.1,37.02,89.08
458.22,160.19,27.86,84.12
461.19,157.03,27.52,97.31
464.83,157.87,29.6,70.67
464.13,153.74,39.3,86.76
465.16,156.61,39.27,83.09
457.88,150.73,46.11,92.96
467.87,153.24,23.19,91.08
467.63,152.63,27.73,82.59
468.83,154.34,28.16,78.63
470.55,154.93,32.18,79.79
468.29,156.08,32.85,63.94
466.6,157.08,34.55,89.3
466.58,157.83,33.35,93.99
467.03,160.68,36.35,71.48
464.65,160.33,44.79,78.36
470.03,161.08,26.52,61.37
463.41,160.21,42.89,85.59
462.82,162.63,30.96,77.58
462.13,165.45,29.04,76.14
460.33,167.15,31.07,76.9
461.47,163.62,25.93,62.04
450.21,165.08,36.62,71
455.93,167.76,24.66,85.88
455.85,165.27,23.44,90.07
451.11,163.23,35.74,61.72
448.24,159.95,43.45,81.97
444.04,160.7,50.18,85.34
448.09,161.55,46.62,85.1
451.1,160.18,32.18,88.09
450.52,156,31.8,75.76
453.62,159.37,31.67,74.67
452.41,157.82,37.8,78.27
451.94,155.57,42.39,84.92
456.26,155.99,25.77,71.57
451.99,154.26,28.43,86.13
450.35,155.07,31.28,61.06
450.31,154.42,29.83,70.17
446.07,153.63,39.04,75.63
437.42,153.99,52.25,82.92
446.57,155.28,30.99,77.31
446.43,153.58,28.23,81.51
446.82,152.93,31.72,62.8
438.84,150.83,47.34,82.03
444.24,150.04,35.85,66.4
445.65,150.5,33.98,72.72
449.73,153.69,29.54,81.98
444.8,150.89,34.33,70.3
447.23,149.85,33.4,69.05
446.78,149.33,35.03,70.93
441.88,146.81,46.62,76.57
442.58,146.46,44.25,83.32
448.54,150.4,30.31,79.98
448.42,148.63,27.52,81.24
447.18,144.12,39.59,75.37
448.23,145.34,46.42,70.13
455.15,142.29,29.97,61.98
440.79,146.98,48.72,76.87
453.83,143.98,26.54,79.65
450.55,143.64,37.71,82.03
452.3,142.87,38.91,76.8
462.14,141.32,32.11,67.94
458.57,132.71,49.06,73.89
461.97,137.31,47.4,81.82
470.52,136.54,37.04,85.43
481.61,139.11,33.84,84.23
494.54,132.93,35.06,63.41
500.1,129.95,40.44,62.38
499.83,129.79,38.23,57.76
514.07,127.83,28.16,61.87
518.01,125.25,32.45,88.95
522.75,128.47,34.98,83.18
525.05,127.74,33.81,69.72
530.29,121.2,35.22,76.34
532.66,119.49,34.4901,71.09
530.16,120.62,37.9,81.84
532.19,119.87,35.77,83.94
530.08,119.72,39.26,84.44
537.92,118.89,25.85,65.26
533.33,118.03,38.88,68.44
526.04,111.45,44.51,85.32
530,115.52,32.32,63.8
524.67,118.51,35.17,82.33
528.02,119.49,20.09,80.62
516,118.12,35.25,83.93
521.72,119.3,29.6201,70.15
520.9,118.62,28.1,62.6
516.39,118.76,34.94,77.35
515.73,122.04,30.16,78.79
511.83,117.46,28.39,64.23
510.73,115.33,32.23,64.76
508.39,114.18,29.76,64.81
507.52,112.43,25.47,59.91
505.82,109,27.43,79.44
501.59,110.25,22.97,81.05
499.66,111.29,26.25,79.42
496.74,109.49,26.48,67.28
494.14,103.71,31,70.04
490.14,101.07,33.31,65.16
487.92,102.26,29.23,67.41
482.96,96.275,40.77,73.215
488.79,95.62,25.22,76.02
488.04,90.101,27.26,66.589
488.74,90.498,31.33,64.592
482.38,90.24,34.82,64.44
484.02,90.472,27.79,57.918
487.14,91.011,26.28,73.029
486.25,90.066,29.78,78.094
486.22,86.042,28.52,66.998
486.26,86.391,27.71,65.159
485.92,84.837,31.84,66.533
487.71,85.113,26.72,63.167
486.69,83.317,36.42,82.213
492.83,86.567,26.05,77.923
492.14,85.373,28.95,73.817
495.72,84.029,22.95,60.181
494.05,78.532,30.08,60.918
488.54,79.34,34.88,60.84
488.06,79.847,38.39,72.013
491.48,81.3,31.11,77.71
493.85,82.642,28.3,78.958
494.88,82.854,22.1,74.546
490.57,81.942,30.32,67.628
484.43,82.601,31.7,62.279
483.41,85.053,32.92,65.547
482.21,83.899,32.71,73.051
477.32,85.165,37.97,73.905
475.83,81.148,33.73,80.982
478.22,83.174,27.37,64.366
468.92,80.865,33.71,62.435
457.85,84.196,40.12,60.584
459.48,86.218,35.47,64.342
456.82,87.078,35.38,76.672
452.76,88.547,31.86,77.763
445.73,90.293,40.76,75.287
436.6,92.242,38.91,68.908
438.31,93.146,29.19,52.404
436.58,94.279,33.68,65.531
436.01,94.099,35.41,72.431
433.06,91.21,40.35,69.26
433.5,91.627,37.44,72.823
432.23,94.117,34.04,66.243
427.24,90.354,37.67,65.146
422.42,88.821,43.34,68.569
431.32,94.384,29.27,56.126
423.81,95.283,51.34,70.507
425.22,95.063,33.44,64.457
425.48,95.568,38.57,69.142
422.78,95.283,35.72,69.847
420.65,92.64,48.84,67.03
420.23,96.335,49.87,64.805
421.82,95.773,45.49,74.177
426.08,95.475,27.84,67.035
425.23,92.651,29.77,68.529
420.91,93.086,34.06,63.514
419.39,91.267,35.91,58.523
415.16,94.07,45.98,65.41
420.83,93.62,23.56,66.55
410.13,91.094,38.99,65.016
413.59,90.689,23.01,62.291
408.33,89.056,33.19,65.234
404.1,92.579,38.85,69.881
407.42,92.988,27.36,62.872
407.62,94.412,23.43,65.118
406.83,92.9,23.34,65.12
395.77,91.253,39.73,57.247
400.97,94.016,23.12,56.124
397.5,95.296,26.23,64.714
393.12,94.181,28.35,56.789
391.6,91.239,28.52,59.201
388.28,92.049,31.32,60.751
382.35,93.251,33.19,62.309
375.8,93.023,36.85,63.487
372.45,89.683,40.76,68.647
369.49,91.503,29.21,61.357
367.05,93.077,41.78,61.013
367.9,92.871,33.24,57.299
