330,162,38,50
Tracking failure detected
Tracking failure detected
Tracking failure detected
Tracking failure detected
Tracking failure detected
Tracking failure detected
Tracking failure detected
Tracking failure detected
Tracking failure detected
Tracking failure detected
Tracking failure detected
Tracking failure detected
Tracking failure detected
Tracking failure detected
Tracking failure detected
Tracking failure detected
Tracking failure detected
Tracking failure detected
Tracking failure detected
Tracking failure detected
Tracking failure detected
Tracking failure detected
Tracking failure detected
Tracking failure detected
Tracking failure detected
Tracking failure detected
Tracking failure detected
Tracking failure detected
Tracking failure detected
Tracking failure detected
Tracking failure detected
Tracking failure detected
Tracking failure detected
Tracking failure detected
Tracking failure detected
Tracking failure detected
Tracking failure detected
Tracking failure detected
Tracking failure detected
Tracking failure detected
Tracking failure detected
Tracking failure detected
Tracking failure detected
Tracking failure detected
Tracking failure detected
Tracking failure detected
Tracking failure detected
Tracking failure detected
Tracking failure detected
Tracking failure detected
Tracking failure detected
Tracking failure detected
Tracking failure detected
Tracking failure detected
Tracking failure detected
Tracking failure detected
596,48,20,26
584,44,20,26
566.521,40.3942,20.0565,26.0735
555.173,38.3841,19.8477,25.802
549.307,37.36,19.865,25.8244
531.633,34.5147,19.4449,25.2783
518.4,24,24,31.2
504,36,20,26
490,30,20,26
480,32,20,26
464,24,20,26
454,22,20,26
442,24,20,26
428,18,20,26
416.953,16.0913,19.9747,25.9671
410,20,20,26
398,16,20,26
376,10,20,26
365.074,7.59583,19.9896,25.9865
358,4,20,26
348,4,20,26
330.976,1.19926,19.6154,25.5001
318,0,20,26
314,0,20,26
310,0,20,26
142,28,20,26
366,160,20,26
366.162,159.755,20.2182,26.2836
45.6,19.2,24,31.2
96,20,20,26
366,158,20,26
365.844,158.867,19.6087,25.4913
90,244,20,26
90,244,20,26
90.9486,244.6,19.6127,25.4965
96,246,20,26
366,158,20,26
374,164,20,26
446,148,20,26
445.873,147.934,18.5621,24.1308
450,186,20,26
192,120,20,26
446,174,20,26
167.04,313.92,28.8,37.44
366,154,20,26
356,172,20,26
440,174,20,26
438,172,20,26
92,246,20,26
91.928,246.509,20.5605,26.7286
91.6373,246.933,20.3169,26.412
94,248,20,26
96,250,20,26
98,252,20,26
99.3445,252.945,20.0829,26.1078
100.724,253.577,20.6023,26.783
102.74,254.608,20.5689,26.7395
105.223,255.585,20.5458,26.7095
374,162,20,26
106,258,20,26
107.946,258.632,20.021,26.0273
112,258,20,26
112,260,20,26
112,260,20,26
116,260,20,26
369.6,141.6,24,31.2
116,264,20,26
115.705,264.113,20.3608,26.469
116,266,20,26
118,266,20,26
118.986,267.248,19.3065,25.0985
119.053,267.436,19.2871,25.0732
118,268,20,26
446,172,20,26
247.669,82.5565,103.196,134.154
249.389,94.596,85.9963,111.795
292,168,20,26
552,206,20,26
440,172,20,26
148.602,61.9174,123.835,160.985
534,204,20,26
377.395,107.827,41.472,53.9136
468,188,20,26
467,188.255,19.5797,25.4536
442,176,20,26
93.1627,85.9963,71.6636,93.1627
534,204,20,26
41.2782,41.2782,103.196,134.154
438,174,20,26
120,118,20,26
570,212,20,26
552,208,20,26
522,200,20,26
500,194,20,26
570,208,20,26
552,204,20,26
318,156,20,26
190,132,20,26
524,196,20,26
474,186,20,26
240,140,20,26
426,172,20,26
78,108,20,26
296,154,20,26
50,108,20,26
256,146,20,26
120,122,20,26
101.376,117.842,22.5921,29.3697
80,116,20,26
274,152,20,26
172,134,20,26
98,120,20,26
182,134,20,26
88,118,20,26
174,132,20,26
56,112,20,26
98,118,20,26
112,120,20,26
106,118,20,26
572,314,20,26
548.658,306.859,20.3305,26.4296
537.175,302.943,21.0283,27.3368
466.56,148.608,34.56,44.928
592,186,20,26
556,182,20,26
540,180,20,26
516.29,176.569,21.5019,27.9525
494.47,175.174,20.905,27.1764
536,182,20,26
500,178,20,26
506,180,20,26
514,182,20,26
446,174,20,26
614,196,20,26
480,176,20,26
576,192,20,26
364,168,20,26
612,196,20,26
618,196,20,26
104,248,20,26
92.89,244.861,21.3065,27.6984
514,184,20,26
516,184,20,26
492,224,20,26
404,172,20,26
592,188,20,26
468,170,20,26
468,190,20,26
414,18,20,26
392,16,20,26
370,14,20,26
347.432,12.9726,19.785,25.7205
324.222,12.8931,19.5845,25.4599
301.388,13.0165,19.8177,25.763
279.544,13.8144,19.7142,25.6285
258.267,13.9528,20.0773,26.1005
238,14,20,26
218,14,20,26
197.024,13.7187,19.9389,25.9206
154.838,12.4505,20.1639,26.213
429.982,111.795,85.9963,111.795
497.664,136.858,41.472,53.9136
316,162,20,26
92,210,20,26
404,298,20,26
394,298,20,26
378,240,20,26
367.2,184.8,24,31.2
324,242,20,26
328.32,181.44,28.8,37.44
372,232,20,26
354,234,20,26
595.2,88.8,24,31.2
552,98.4,24,31.2
530.842,95.3856,41.472,53.9136
512.484,95.7175,41.0551,53.3717
495.369,95.9135,40.9444,53.2277
478.08,97.92,28.8,37.44
462.926,98.5625,28.5872,37.1634
448.875,99.1697,28.5501,37.1151
438.912,100.224,34.56,44.928
426.963,100.66,34.3636,44.6727
400.32,100.8,28.8,37.44
389.373,100.493,28.8839,37.5491
383.898,100.294,29.1688,37.9194
374.4,98.4,24,31.2
356.623,99.1536,24.0641,31.2834
343.745,99.6732,24.2588,31.5365
337.158,99.8601,24.685,32.0905
324,100.8,24,31.2
304.8,103.2,24,31.2
285.6,103.2,24,31.2
276.48,106.56,28.8,37.44
251.269,109.233,29.0654,37.785
235.008,110.592,34.56,44.928
219.802,111.974,41.472,53.9136
202.136,114.377,41.8309,54.3802
184.219,117.071,42.1612,54.8095
164.16,120.96,28.8,37.44
145.891,124.161,28.7636,37.3927
124.416,127.872,34.56,44.928
110.592,131.328,34.56,44.928
93.312,134.784,34.56,44.928
72.576,138.24,34.56,44.928
55.296,141.696,34.56,44.928
20.736,148.608,34.56,44.928
5.76,149.76,28.8,37.44
19.9066,154.276,49.7664,64.6963
4.97664,159.252,49.7664,64.6963
459.648,69.12,34.56,44.928
445.326,70.4339,34.1284,44.367
286,108,20,26
270,110,20,26
501.12,290.304,34.56,44.928
487.754,291.63,34.6572,45.0544
230,110,20,26
209.211,109.718,21.3979,27.8173
196.04,110.634,21.1337,27.4738
183.086,111.201,21.291,27.6783
170,110,20,26
168,104,20,26
156,104,20,26
138,110,20,26
126,116,20,26
118,120,20,26
108.708,122.519,18.9345,24.6149
98,118,20,26
92,116,20,26
74.8218,118.023,21.1156,27.4503
66.8057,119.567,21.6353,28.1259
64,120,20,26
56.7576,120.488,19.9464,25.9303
42,124,20,26
40,120,20,26
35.9522,120.811,20.2208,26.287
27.5272,122.831,21.6522,28.1478
12,134,20,26
10,132,20,26
6.09208,132.908,20.1559,26.2027
34.3985,60.1974,85.9963,111.795
602,272,20,26
593.181,275.23,20.1434,26.1864
584.172,277.974,20.4783,26.6218
574.624,280.918,20.471,26.6124
564.937,284.016,20.3838,26.499
554.919,287.427,20.3805,26.4946
458,102,20,26
536,294,20,26
502.641,4.97664,49.7664,64.6963
497.664,9.95328,49.7664,64.6963
488.318,13.3722,49.8689,64.8296
472.781,19.9066,49.7664,64.6963
582,96,20,26
578.964,97.6035,19.9369,25.9179
573.666,100.593,20.1428,26.1857
566,104,20,26
561.746,107.163,20.0883,26.1148
560,108,20,26
555.878,110.86,20.133,26.1729
550.471,115.383,20.1841,26.2394
548,118,20,26
546.693,119.184,20.1471,26.1912
544,122,20,26
540.99,126.335,20.1183,26.1538
539.259,129.197,20.2775,26.3608
537.637,132.133,20.3452,26.4487
536,134,20,26
538,134,20,26
534,142,20,26
532,144,20,26
530.889,146.773,19.9265,25.9044
529.622,149.379,19.9631,25.952
526.723,154.121,19.9637,25.9528
528,152,20,26
522,162,20,26
522,164,20,26
522,164,20,26
521.612,169.568,20.292,26.3796
72,2,20,26
522,172,20,26
522.139,174.153,19.8854,25.8511
524,178,20,26
522,182,20,26
522.082,186.087,19.8944,25.8627
522,190,20,26
522,192,20,26
522,188,20,26
522,192,20,26
386,130,20,26
382.7,129.611,21.4807,27.9249
378,122,20,26
378,122,20,26
378,122,20,26
