292,156,87,194
289,153,91,197
288,149,86,196
288,149,93,200
290,164,92,172
283,146,90,204
283,143,95,206
285,142,91,199
295,143,84,179
293,147,88,182
292,146,88,191
297,143,86,190
291,143,94,189
292,143,105,194
297,145,90,174
298,140,91,192
298,136,93,194
302,143,93,163
298,144,96,160
298,137,96,192
300,140,95,185
304,139,85,199
301,139,86,196
299,138,87,196
299,136,89,196
300,140,90,184
298,137,92,172
300,133,85,179
302,134,80,136
301,131,82,149
297,131,84,146
301,133,83,166
301,131,89,170
303,133,79,168
306,126,82,191
302,126,92,187
306,131,88,155
309,131,81,146
313,129,64,133
286,127,103,136
316,132,71,133
307,131,76,156
310,134,84,162
309,139,91,158
309,130,86,174
309,134,88,168
312,132,87,170
310,133,90,168
314,138,97,159
311,131,89,168
309,139,95,152
315,134,96,156
318,142,89,147
316,137,91,153
318,139,103,153
321,142,86,149
322,135,85,161
324,142,84,154
325,142,83,153
328,139,86,155
327,139,94,154
331,137,87,157
333,143,84,146
331,139,88,149
338,141,81,146
339,146,82,141
341,146,84,139
342,141,83,147
345,141,79,148
342,143,81,148
359,139,57,153
352,140,73,147
352,145,73,138
350,147,77,140
360,149,69,127
351,144,88,155
353,143,78,145
355,146,79,145
368,141,63,116
356,145,81,146
364,142,75,140
369,139,60,150
364,143,77,143
362,143,75,148
365,141,75,149
367,142,82,144
378,143,66,126
378,138,69,130
373,143,81,140
383,145,70,125
378,147,83,130
375,139,81,145
378,137,82,154
381,135,77,153
381,139,82,153
379,136,90,160
381,134,91,149
383,132,91,162
384,135,93,156
387,134,87,147
386,132,82,150
387,133,86,147
386,132,85,157
367,125,110,167
381,126,96,164
391,126,82,157
382,125,90,166
390,130,80,159
395,137,72,140
387,136,83,149
389,130,82,154
389,128,85,153
392,129,77,145
380,128,94,159
377,126,102,166
374,126,96,169
385,128,85,160
380,122,90,168
378,121,89,174
376,123,92,168
377,121,90,170
372,120,97,171
370,125,94,174
374,116,91,176
366,117,101,193
355,114,110,191
364,117,100,182
364,119,104,185
371,116,93,175
360,115,109,196
363,116,94,184
344,109,116,200
356,121,115,182
353,117,104,184
357,120,108,182
360,116,97,184
354,113,103,193
362,111,96,189
347,124,109,185
349,114,106,192
345,119,121,188
346,116,121,195
348,114,118,198
349,111,127,201
354,113,119,194
360,127,110,176
355,117,106,191
356,121,115,188
352,118,126,193
352,120,129,189
353,122,133,189
356,122,108,186
348,117,114,207
355,120,125,191
359,126,108,184
355,125,106,187
352,129,106,178
349,132,106,177
345,134,106,173
345,138,113,164
344,137,105,163
351,135,108,165
346,146,113,149
347,142,103,150
345,139,101,155
343,142,108,149
323,144,106,160
352,146,73,135
343,143,99,145
343,142,100,146
340,142,109,148
337,145,85,145
345,140,93,146
346,148,90,137
344,143,98,142
344,145,89,138
340,144,84,145
336,141,89,151
341,140,100,151
338,141,90,151
327,140,102,158
340,144,95,148
344,141,85,149
327,140,105,162
342,144,93,151
338,142,97,152
339,143,93,154
329,134,98,175
323,134,104,171
321,132,100,173
329,133,91,170
325,135,90,169
326,134,90,176
309,129,107,183
312,128,96,183
308,124,100,181
302,127,107,188
300,123,109,190
303,121,104,193
305,123,100,192
299,123,108,191
291,121,117,194
304,123,105,189
300,125,111,186
303,122,107,186
304,121,108,189
309,120,104,182
311,122,101,188
311,122,102,183
314,124,100,177
312,120,103,184
306,118,115,191
308,119,114,191
316,122,105,186
317,123,106,183
320,124,103,181
323,128,99,182
333,131,89,171
328,127,98,179
343,130,80,162
340,124,88,179
339,128,93,178
341,125,85,176
342,121,98,189
352,123,77,183
353,117,78,193
355,119,77,191
356,121,77,192
360,120,72,192
365,119,63,193
369,121,57,189
368,116,60,201
365,112,74,207
375,117,49,200
372,111,62,209
368,113,63,208
371,109,62,212
369,110,73,212
371,111,68,211
368,110,71,214
376,112,62,211
373,113,62,208
375,113,59,206
376,112,57,214
375,115,57,205
374,113,61,207
378,113,54,207
371,114,67,207
367,118,71,203
373,118,56,200
372,116,64,202
370,116,70,205
367,115,81,205
366,116,82,202
366,117,82,202
372,118,64,200
365,112,88,204
366,112,90,203
367,112,87,205
367,111,90,205
366,112,93,205
364,110,96,205
366,110,97,206
369,111,91,207
371,112,94,203
375,114,86,201
378,116,81,202
378,114,82,204
381,115,79,203
382,114,75,208
385,118,72,196
378,114,98,166
389,119,80,196
392,119,85,165
393,120,95,185
387,118,94,162
391,121,91,169
385,119,96,162
391,117,83,195
385,116,86,174
386,114,85,174
382,110,89,198
383,110,85,172
366,107,116,211
369,114,95,193
365,114,94,195
356,108,102,204
363,117,91,199
360,118,89,197
356,116,87,202
352,118,92,205
348,120,93,199
343,120,97,196
337,119,100,199
321,114,118,210
308,112,127,214
304,112,125,216
302,110,123,220
302,109,118,223
299,109,117,224
302,105,111,227
299,105,109,226
299,105,111,224
298,102,110,229
301,106,103,225
299,107,109,223
297,108,109,223
297,108,110,223
287,107,124,233
288,110,125,232
291,111,117,236
294,108,110,241
291,105,117,246
292,101,118,250
296,100,109,249
297,98,109,253
300,94,105,257
306,93,100,253
305,89,103,259
308,86,95,256
305,83,98,260
304,80,98,258
295,79,110,254
297,78,101,243
295,79,103,238
288,91,110,226
283,87,119,231
289,89,116,236
279,92,127,238
262,88,142,238
274,89,131,230
268,89,137,226
272,92,135,234
258,80,146,244
261,87,143,253
261,80,141,252
263,75,139,269
261,72,140,273
259,67,140,276
266,64,125,286
265,63,122,289
260,61,132,289
269,62,121,288
276,62,100,285
279,61,91,286
277,60,104,287
277,63,114,284
285,69,92,274
284,74,93,270
277,66,123,283
284,66,112,282
289,72,104,279
291,71,100,281
287,69,115,282
290,68,112,284
286,65,125,287
284,64,123,289
290,66,100,287
288,59,101,293
282,54,116,301
281,56,110,300
278,58,109,299
281,54,108,304
283,58,100,303
282,56,96,297
269,55,119,303
