143,124,84,196
154.793,137.594,85.9963,197.792
146.194,154.793,85.9963,197.792
137.594,154.793,85.9963,197.792
137.594,154.793,85.9963,197.792
134.427,149.815,87.3377,200.877
51.5978,240.79,85.9963,197.792
60.1974,240.79,85.9963,197.792
60.1974,240.79,85.9963,197.792
60.1974,240.79,85.9963,197.792
0,223.59,85.9963,197.792
51.5978,240.79,85.9963,197.792
14.3327,272.322,71.6636,164.826
42.9982,286.654,71.6636,164.826
35.8318,286.654,71.6636,164.826
33.7037,287.311,72.0844,165.794
21.4991,286.654,71.6636,164.826
19.826,288.591,71.7487,165.022
57.3309,300.987,71.6636,164.826
56.3281,301.206,71.531,164.521
57.3309,300.987,71.6636,164.826
57.4095,303.212,71.4982,164.446
35.8318,300.987,71.6636,164.826
42.9982,300.987,71.6636,164.826
35.8318,300.987,71.6636,164.826
28.6654,300.987,71.6636,164.826
28.6654,300.987,71.6636,164.826
28.6654,300.987,71.6636,164.826
28.6654,300.987,71.6636,164.826
28.6654,300.987,71.6636,164.826
21.4991,300.987,71.6636,164.826
21.8248,300.643,72.7494,167.324
22.7613,301.398,72.9896,167.876
23.6936,302.248,73.0975,168.124
14.3327,300.987,71.6636,164.826
14.9041,302.608,71.0818,163.488
16.1682,303.646,70.9881,163.273
17.384,304.833,70.8485,162.952
17.5006,305.972,70.7205,162.657
17.5183,306.562,70.3611,161.83
17.1696,306.806,70.1779,161.409
16.8681,308.098,69.0883,158.903
16.4959,307.601,69.7529,160.432
16.5324,307.616,69.743,160.409
15.9533,307.715,69.6491,160.193
15.9533,307.715,69.6491,160.193
17.7584,307.714,69.6478,160.19
17.559,306.703,70.1854,161.426
0,300.987,71.6636,164.826
0.378129,300.771,71.8722,165.306
0,300.987,71.6636,164.826
0.0923854,301.076,71.5884,164.653
0.0899686,301.074,71.587,164.65
0.0899743,301.074,71.587,164.65
0.403144,301.178,71.4982,164.446
0.392384,301.147,71.5278,164.514
0.046004,301.358,71.3625,164.134
0.0563423,301.399,71.3318,164.063
-0.0460252,301.169,71.5355,164.532
0.835591,300.175,72.2443,166.162
0.808312,300.304,72.136,165.913
0,300.987,71.6636,164.826
7.16636,300.987,71.6636,164.826
7.12354,300.865,71.7916,165.121
6.90652,301.419,72.0732,165.768
0,300.987,71.6636,164.826
0,300.987,71.6636,164.826
0.367084,301.493,71.5219,164.5
0.00343164,302.069,71.0328,163.375
0.134639,303.42,70.7771,162.787
0.394445,303.723,71.2203,163.807
0.747371,303.244,72.2244,166.116
0.373383,303.819,72.5451,166.854
0.849796,304.896,72.0755,165.774
0.89789,305.012,71.9721,165.536
0.907879,305.056,71.946,165.476
0.977014,305.311,71.9823,165.559
0.784459,305.991,71.963,165.515
336,376,20,46
335.174,377.44,19.615,45.1145
333.69,378.849,19.1411,44.0245
332.662,379.882,19.1471,44.0383
332.221,380.542,19.4071,44.6364
0,322.486,59.7197,137.355
0,322.486,59.7197,137.355
0.333545,323.413,59.7787,137.491
0,322.486,59.7197,137.355
0.701946,323.601,59.6199,137.126
1.3342,324.318,59.8709,137.703
2.30414,325.503,59.7535,137.433
3.50799,326.401,59.3483,136.501
4.32957,327.398,59.4065,136.635
4.987,328.272,59.5052,136.862
5.94292,328.853,59.3076,136.407
6.66914,329.679,59.4374,136.706
7.26103,330.5,59.8446,137.642
7.95104,331.427,59.725,137.367
9.02789,332.206,59.84,137.632
9.87261,333.001,59.6762,137.255
11.1279,334.145,59.5104,136.874
11.8837,334.725,59.1488,136.042
12.3316,334.972,58.9637,135.616
13.0177,335.538,58.5996,134.779
13.5855,335.94,58.354,134.214
14.093,336.209,58.0689,133.558
14.2801,335.854,57.7479,132.82
14.5393,335.465,58.037,133.485
360,380,20,46
4.97664,338.412,49.7664,114.463
24.7669,173.369,123.835,284.82
30.9587,206.391,103.196,237.35
30.9587,206.391,103.196,237.35
9.95328,338.412,49.7664,114.463
9.95328,338.412,49.7664,114.463
9.95328,338.412,49.7664,114.463
9.95328,338.412,49.7664,114.463
338,404,20,46
328.8,408,24,55.2
14.9299,338.412,49.7664,114.463
14.9299,338.412,49.7664,114.463
24.7669,173.369,123.835,284.82
24.7669,173.369,123.835,284.82
19.9066,338.412,49.7664,114.463
19.9066,338.412,49.7664,114.463
24.7669,173.369,123.835,284.82
24.8832,338.412,49.7664,114.463
24.8832,338.412,49.7664,114.463
25.9656,337.478,49.7546,114.436
27.2245,337.092,49.3165,113.428
185.131,286.654,59.7197,137.355
186.017,286.122,60.0423,138.097
186.213,285.287,60.3985,138.917
187.062,285.029,60.5591,139.286
187.957,284.942,60.5229,139.203
188.6,284.785,60.6561,139.509
185.131,286.654,59.7197,137.355
35.8318,322.486,59.7197,137.355
35.8318,322.486,59.7197,137.355
41.8038,322.486,59.7197,137.355
41.8038,322.486,59.7197,137.355
42.3068,321.926,60.0748,138.172
43.6124,322.507,59.5681,137.007
44.1978,322.5,59.461,136.76
46.2281,323.203,59.3596,136.527
149.299,278.692,49.7664,114.463
47.7757,322.486,59.7197,137.355
48.683,322.514,59.7201,137.356
137.355,262.767,59.7197,137.355
143.327,262.767,59.7197,137.355
143.047,262.683,59.533,136.926
149.299,262.767,59.7197,137.355
149.299,262.767,59.7197,137.355
155.271,262.767,59.7197,137.355
155.271,262.767,59.7197,137.355
154.464,261.979,60.3666,138.843
155.271,262.767,59.7197,137.355
155.617,262.779,59.6573,137.212
156.291,263.339,59.1572,136.062
161.243,262.767,59.7197,137.355
154.276,268.739,49.7664,114.463
155.319,268.505,50.0342,115.079
154.276,268.739,49.7664,114.463
154.466,269.115,49.3218,113.44
155.283,269.523,48.9438,112.571
159.252,268.739,49.7664,114.463
169.206,278.692,49.7664,114.463
64.6963,328.458,49.7664,114.463
174,276,20,46
71.6636,322.486,59.7197,137.355
77.6356,322.486,59.7197,137.355
83.6076,322.486,59.7197,137.355
83.6076,322.486,59.7197,137.355
83.6076,322.486,59.7197,137.355
84.6792,322.265,59.873,137.708
83.6076,322.486,59.7197,137.355
83.6076,322.486,59.7197,137.355
74.6496,328.458,49.7664,114.463
83.6076,322.486,59.7197,137.355
89.5795,322.486,59.7197,137.355
92.8141,323.53,59.2862,136.358
95.1743,323.899,58.8992,135.468
98.2521,323.936,58.8903,135.448
101.523,322.486,59.7197,137.355
104.5,322.386,59.7863,137.509
108.118,321.311,60.9613,140.211
113.467,322.486,59.7197,137.355
116.557,322.669,60.2928,138.673
119.439,322.486,59.7197,137.355
122.643,322.58,59.6275,137.143
126.866,323.474,59.4744,136.791
129.679,324.223,59.0801,135.884
132.917,325.627,58.7984,135.236
136.347,326.264,58.7272,135.073
131.383,322.486,59.7197,137.355
134.374,323.079,59.673,137.248
143.327,322.486,59.7197,137.355
149.299,322.486,59.7197,137.355
152.197,323.51,59.6958,137.3
155.179,324.413,59.7533,137.433
158.286,325.615,59.586,137.048
160.866,326.669,59.5045,136.86
159.252,338.412,49.7664,114.463
162.402,339.528,49.6151,114.115
164.229,338.412,49.7664,114.463
167.831,339.402,49.7641,114.457
170.466,340.201,49.7394,114.401
173.147,340.757,49.9006,114.771
176.368,342.091,49.6144,114.113
178.767,342.872,49.8729,114.708
180.974,344.117,49.6013,114.083
183.819,344.894,49.7666,114.463
186.006,346.134,50.1689,115.389
189.112,348.365,49.7664,114.463
191.643,349.561,49.6281,114.145
192.622,350.728,49.511,113.875
193.851,350.422,50.385,115.886
194.096,350.464,50.8453,116.944
194.13,350.618,50.7295,116.678
194.437,350.379,50.8958,117.06
195.002,350.243,51.0588,117.435
195.072,350.266,51.0352,117.381
196.002,350.23,51.0714,117.464
197.449,349.502,51.2652,117.91
199.507,349.171,51.2682,117.917
201.276,348.924,51.4235,118.274
203.514,348.828,51.83,119.209
205.714,348.987,51.7157,118.946
208.578,349.382,51.7426,119.008
210.991,348.657,51.958,119.503
213.769,347.809,51.8844,119.334
216.11,346.769,51.9617,119.512
218.081,345.852,51.9298,119.438
219.573,345.157,52.2301,120.129
218.972,348.365,49.7664,114.463
218.972,348.365,49.7664,114.463
218.972,348.365,49.7664,114.463
209.019,348.365,49.7664,114.463
206.463,348.936,50.582,116.339
204.478,349.816,50.79,116.817
202.804,351.656,51.2789,117.941
200.695,354.51,51.4196,118.265
199.599,356.141,52.5368,120.835
200.018,360.729,52.8282,121.505
201.637,365.325,53.1913,122.34
200.645,369.442,53.0583,122.034
200.282,372.707,53.6647,123.429
200.434,373.975,54.7677,125.966
202.907,375.236,55.3214,127.239
205.164,377.28,55.2968,127.183
207.981,378.953,55.4601,127.558
209.37,379.097,55.4452,127.524
210.721,377.61,55.8233,128.394
210.302,376.486,56.3339,129.568
209.186,371.285,56.5072,129.967
209.232,364.65,56.5876,130.151
206.867,361.683,57.1477,131.44
202.774,359.892,57.7818,132.898
194.104,350.011,59.7083,137.329
189.317,345.268,59.439,136.71
179.159,300.987,71.6636,164.826
178.263,294.578,72.6306,167.05
179.159,300.987,71.6636,164.826
179.159,300.987,71.6636,164.826
186.325,300.987,71.6636,164.826
186.14,297.375,72.0562,165.729
171.993,286.654,71.6636,164.826
179.159,322.486,59.7197,137.355
179.159,322.486,59.7197,137.355
185.131,322.486,59.7197,137.355
191.103,322.486,59.7197,137.355
192.246,321.414,59.7561,137.439
197.075,322.486,59.7197,137.355
200.584,323.295,59.5513,136.968
203.432,324.025,59.2359,136.243
197.075,322.486,59.7197,137.355
197.075,322.486,59.7197,137.355
200.658,286.654,71.6636,164.826
200.658,286.654,71.6636,164.826
204.193,290.224,71.6518,164.799
208.998,295.452,71.4224,164.271
211.597,300.849,71.8991,165.368
213.406,306.636,72.1473,165.939
200.658,300.987,71.6636,164.826
204.112,305.328,71.298,163.985
207.835,308.893,71.0361,163.383
348,316,20,46
383.04,316.8,28.8,66.24
380.16,311.04,28.8,66.24
492,292,20,46
512,400,20,46
532,400,20,46
366.336,311.04,34.56,79.488
