342,216,234,156
343,222,232,145
345,221,232,145
346,221,229,143
343,219,234,143
344,216,228,146
344,214,227,145
344,215,228,143
343,212,225,145
343,210,227,144
343,210,227,143
343,209,224,144
344,209,224,144
345,209,223,143
344,208,224,144
345,206,223,145
345,208,224,143
344,205,226,146
344,203,218,147
345,201,225,148
345,204,224,144
344,198,227,153
346,200,223,151
344,195,226,156
344,200,227,152
344,210,229,148
350,217,225,144
348,219,230,150
347,224,231,148
347,224,230,148
348,228,231,147
347,226,226,151
344,230,227,146
350,229,229,148
343,229,221,149
319,228,229,143
314,227,224,143
329,223,227,149
342,225,227,150
335,223,232,148
330,222,233,146
332,221,224,147
329,220,225,150
330,219,229,149
330,219,228,147
328,220,231,146
330,219,226,148
330,221,221,146
320,222,232,146
313,217,238,156
309,217,240,152
307,218,235,152
300,216,240,152
296,216,237,155
296,216,229,151
292,216,232,149
288,215,231,151
283,210,231,160
280,212,231,150
273,212,240,152
272,210,234,148
271,210,233,148
268,206,232,153
263,206,236,148
262,203,235,154
267,205,232,146
269,201,233,151
274,201,233,151
275,200,242,150
275,197,238,153
278,201,229,145
273,198,239,151
271,200,234,148
273,202,228,145
272,199,227,149
270,197,231,150
269,195,229,151
267,196,225,149
267,193,226,150
264,188,227,155
264,184,227,152
265,180,229,152
266,177,224,152
264,176,229,151
266,176,220,149
266,172,221,154
264,170,226,153
263,165,235,158
278,164,218,154
285,164,215,155
284,163,216,154
279,159,228,156
280,160,218,155
279,159,218,157
282,162,221,156
281,164,227,159
285,171,208,153
288,176,206,151
296,184,199,149
293,187,217,158
296,199,214,156
297,207,206,156
302,214,198,157
303,225,205,155
297,228,212,158
307,236,201,157
312,241,201,159
311,251,204,155
313,253,205,155
312,256,211,155
318,260,208,153
318,263,217,156
321,266,213,157
323,287,204,137
323,284,208,147
331,291,205,141
338,291,205,142
337,294,205,142
336,294,212,148
339,297,209,142
336,296,212,143
335,296,212,144
336,297,215,143
338,295,213,142
338,296,213,142
335,293,215,142
330,286,225,152
331,288,221,145
329,284,223,150
326,280,228,152
325,282,224,148
329,284,224,143
323,277,230,154
324,280,230,152
326,286,228,149
324,286,232,155
322,283,237,159
324,287,232,153
319,283,235,158
320,281,237,159
323,282,236,159
326,288,231,150
320,280,238,163
317,278,239,165
317,277,239,165
321,276,238,163
327,277,234,156
325,273,237,161
329,271,236,161
343,275,227,154
347,281,232,158
345,294,234,160
349,303,229,154
348,301,233,158
344,300,240,167
344,303,237,165
344,309,233,156
341,308,235,162
335,304,239,167
346,306,238,165
359,306,237,166
356,307,236,166
352,306,235,163
355,312,229,157
340,307,235,162
334,308,230,157
334,298,242,171
346,297,242,170
348,290,246,175
342,289,237,171
322,270,249,185
330,277,226,158
318,255,243,178
311,249,246,179
305,253,250,183
305,252,249,186
309,254,242,179
311,247,240,177
326,229,237,174
328,202,240,177
330,173,241,181
336,157,241,178
346,144,234,171
344,109,246,187
341,106,247,188
346,128,235,173
356,125,237,174
373,109,240,181
370,93,237,181
357,86,227,168
349,73,223,167
349,57,228,171
353,44,229,170
363,41,217,165
355,37,229,175
345,52,221,167
340,56,224,175
355,66,205,160
348,56,222,172
356,61,203,159
349,61,216,167
361,67,197,158
360,68,212,165
365,81,209,162
369,102,211,163
380,128,197,153
385,147,200,156
378,157,218,171
370,174,218,172
376,186,223,180
391,188,226,180
396,195,212,166
377,190,213,169
358,191,217,172
356,195,217,173
366,191,217,176
372,188,209,175
350,189,228,187
341,196,232,191
339,202,229,188
332,207,231,192
329,217,227,189
318,215,243,204
322,226,232,195
322,223,242,205
327,228,243,206
329,224,246,212
329,215,254,221
332,214,253,219
330,188,255,262
329,190,256,260
341,232,236,204
376,242,172,187
338,202,250,263
339,205,246,264
337,234,255,227
366,256,173,188
324,220,241,262
341,232,217,257
364,256,184,223
340,238,225,260
336,244,231,260
343,253,212,254
352,262,195,241
349,261,203,246
354,265,196,241
347,257,215,252
358,261,199,243
367,269,186,233
364,263,191,237
354,259,213,245
367,270,190,232
369,274,186,228
375,283,173,212
355,259,208,235
352,262,198,232
372,291,149,170
365,265,161,198
373,250,160,196
372,244,159,195
368,253,143,167
359,242,150,181
374,238,140,162
369,230,143,159
372,224,140,156
369,215,151,160
369,215,149,155
369,208,151,154
370,202,146,149
370,197,149,148
377,193,137,149
380,194,135,145
371,189,163,152
377,194,151,143
376,190,154,144
373,188,160,146
371,185,166,149
371,187,161,146
367,185,162,147
365,186,161,146
363,184,159,147
364,183,159,145
357,184,155,143
351,183,154,142
341,178,163,148
338,181,161,144
335,183,163,144
329,179,163,146
326,181,162,145
329,182,157,140
313,179,162,145
316,183,159,141
312,184,156,139
313,184,156,140
307,182,159,143
303,182,158,143
298,184,155,140
293,187,154,139
291,188,152,138
297,193,148,136
304,194,147,135
311,196,147,135
317,196,149,135
324,197,145,132
323,198,143,132
315,193,148,137
318,200,134,126
309,197,144,132
302,192,147,138
299,193,143,136
294,192,145,136
290,188,150,141
286,186,151,142
287,183,155,147
295,184,151,143
301,188,140,135
299,185,146,138
303,184,140,134
316,185,126,130
324,184,117,128
326,183,130,131
344,183,104,126
346,183,103,126
349,182,106,128
362,180,101,131
370,179,101,131
371,179,100,131
375,176,103,136
364,162,126,159
361,161,128,158
372,174,101,137
370,170,100,138
356,157,124,158
358,160,116,154
365,165,100,144
363,161,105,148
363,161,102,147
355,153,120,158
368,168,92,134
361,160,100,144
355,157,111,152
358,160,103,146
358,163,100,141
357,160,100,143
353,163,102,143
353,166,103,141
352,166,104,141
352,171,98,138
353,176,91,131
352,173,96,137
350,174,96,137
348,175,94,137
348,180,92,133
347,185,88,129
343,181,91,134
341,182,94,137
342,188,90,131
340,187,88,133
341,186,82,135
340,196,79,126
336,196,84,128
339,194,76,131
338,206,76,123
336,206,75,125
335,208,75,123
333,206,77,127
333,211,72,122
334,216,68,118
333,215,68,121
333,213,67,123
332,212,70,126
329,222,74,118
329,229,68,113
328,235,67,112
326,237,66,112
322,239,75,118
322,247,74,113
324,251,70,110
324,254,65,108
321,252,74,114
323,261,70,107
324,258,72,112
326,268,62,101
322,270,70,104
323,274,69,100
323,279,69,98
316,281,74,99
312,281,73,102
302,287,71,96
300,288,66,97
294,295,68,92
290,297,67,91
282,296,69,94
276,296,74,96
279,303,62,89
275,305,65,87
275,310,66,85
273,309,63,86
272,310,62,87
272,316,57,81
271,316,56,81
268,320,67,82
273,320,59,81
274,320,60,82
274,325,58,77
273,325,63,79
279,327,56,77
282,332,55,74
282,333,55,74
280,335,60,76
284,339,51,69
286,339,48,69
284,339,58,72
286,343,56,69
283,342,60,72
285,342,56,70
291,346,49,65
285,347,57,67
285,347,58,67
290,351,46,60
285,348,58,66
293,350,44,61
292,350,46,61
293,349,51,62
297,352,46,58
300,350,54,62
304,352,51,60
309,352,45,58
309,353,49,58
313,355,47,57
318,357,47,55
314,354,50,59
313,357,48,56
311,356,47,55
312,354,48,56
310,352,47,54
314,349,41,52
311,346,46,54
311,343,43,54
310,338,44,54
310,336,43,52
310,332,43,51
310,329,43,50
305,328,40,46
303,324,35,46
301,320,40,48
301,315,43,53
304,316,38,48
303,316,33,45
299,313,41,49
301,311,38,47
303,308,39,48
302,305,39,50
301,308,32,42
298,307,32,44
295,306,35,42
298,306,33,39
298,303,36,41
300,302,32,41
299,299,32,41
296,295,36,44
299,296,35,42
303,294,32,41
306,296,31,38
302,293,31,39
302,291,34,41
306,294,30,38
306,293,30,37
307,291,31,39
307,287,31,40
301,289,32,36
299,286,31,38
294,285,33,38
290,284,32,36
291,283,30,36
289,280,32,36
291,280,30,34
291,277,30,36
292,274,30,37
292,272,31,37
292,269,31,38
294,269,30,36
295,268,30,36
297,266,29,36
299,267,30,33
299,263,35,35
304,262,30,34
306,257,32,38
313,258,29,35
314,254,31,39
321,257,28,32
321,252,30,36
326,251,29,35
327,249,31,38
332,251,28,33
336,251,28,34
341,251,27,33
345,251,27,35
346,252,30,36
349,253,31,35
357,256,27,32
362,256,26,33
365,260,27,31
365,258,26,31
365,258,28,34
367,257,28,34
371,261,25,30
372,261,25,31
371,260,25,33
372,261,24,33
371,264,24,29
370,262,25,31
371,262,24,31
368,260,28,36
373,264,24,31
372,267,25,31
375,270,24,29
376,269,25,30
378,269,26,31
381,272,22,28
380,271,25,27
383,269,21,27
382,267,24,31
383,267,22,29
383,265,22,30
385,265,22,30
386,266,22,25
384,265,22,25
383,262,25,28
383,260,25,29
385,258,26,30
387,256,25,31
390,258,21,28
389,255,24,30
391,255,25,29
393,253,23,28
396,254,22,26
397,251,19,28
398,252,20,26
399,252,20,26
398,254,19,23
397,252,19,24
395,253,19,23
392,254,19,24
387,253,19,25
383,256,19,22
380,255,19,23
376,254,19,24
372,253,18,25
370,256,17,21
367,255,17,22
365,254,17,23
364,256,17,22
364,255,16,23
362,256,17,22
362,256,17,22
361,256,20,25
363,257,19,24
364,259,18,22
368,260,16,22
367,259,18,23
368,262,17,21
371,263,16,20
372,262,16,19
373,258,17,21
373,255,20,25
375,255,18,22
377,246,18,22
378,240,16,20
382,238,15,19
383,236,17,20
388,237,16,20
392,233,15,19
396,232,15,19
399,230,15,17
402,228,15,18
405,224,16,20
410,225,16,18
413,222,17,21
416,221,17,21
419,221,16,19
423,224,17,16
425,221,18,19
426,221,18,20
428,222,16,17
428,224,17,15
427,221,17,18
427,222,16,16
426,219,17,18
426,219,17,18
426,218,17,19
427,219,16,18
427,217,15,18
426,217,16,18
427,217,16,18
428,215,15,19
429,215,16,18
432,214,14,18
433,215,15,15
435,212,15,16
435,210,18,18
437,207,18,19
442,208,15,16
443,203,16,17
447,200,17,18
449,198,17,18
453,197,17,17
456,191,17,20
460,189,16,16
465,188,15,14
451,180,17,18
441,178,18,18
443,174,19,19
443,172,20,20
442,169,19,20
440,168,15,20
430,168,20,20
425,167,18,18
419,166,19,19
414,165,17,19
415,162,16,19
408,161,16,20
397,159,22,22
388,158,21,20
383,159,17,19
375,157,18,19
375,157,17,18
386,158,18,20
392,155,16,19
401,155,16,18
418,157,16,18
422,160,15,16
408,155,17,18
371,156,15,18
368,157,15,18
357,159,15,15
362,157,15,17
364,154,22,21
363,152,23,22
370,155,18,18
377,150,23,22
388,149,23,22
395,152,16,16
397,147,24,23
397,148,21,21
392,146,22,22
386,147,21,21
379,145,22,23
374,145,22,22
369,146,21,21
361,145,22,21
358,145,21,21
352,148,21,21
347,147,22,22
344,148,21,21
339,149,21,21
342,150,20,20
347,155,15,15
347,154,17,16
346,150,22,21
352,152,19,20
356,149,22,22
362,150,16,14
368,149,16,14
374,148,16,14
378,147,18,14
382,145,20,16
390,146,16,14
391,144,18,16
394,145,16,13
397,146,16,13
401,145,17,14
404,146,19,14
407,146,17,14
412,146,18,14
413,146,20,16
417,145,16,14
415,145,17,16
413,146,18,13
412,145,18,12
408,142,19,13
408,142,17,13
405,143,19,12
403,141,19,14
401,139,20,17
400,139,21,15
400,140,20,12
398,139,18,13
395,136,22,18
396,139,18,13
392,138,20,15
390,140,20,14
388,141,19,12
386,141,19,13
384,143,18,11
381,144,21,15
378,144,22,17
376,146,22,14
374,145,23,20
372,148,23,18
371,148,21,15
369,151,21,13
364,150,21,18
360,149,21,17
354,149,21,18
353,151,19,12
350,148,21,17
347,152,21,12
