232,137,54,68
229.3,135.111,59.8768,75.4004
225.605,132.463,64.1173,80.7403
223.254,130.884,65.2136,82.1208
221.292,129.394,65.287,82.2133
219.097,126.771,65.9963,83.1065
216.685,123.49,67.1055,84.5032
215.095,120.355,67.133,84.5379
213.322,115.848,67.1362,84.5418
211.644,110.957,67.0581,84.4435
208.67,105.902,66.9376,84.2917
206.206,101.729,67.1565,84.5674
204.273,99.1308,65.7129,82.7496
202.034,95.0219,66.0983,83.2349
200.976,91.3985,65.749,82.795
200.321,88.7722,65.9046,82.991
200.32,87.3806,66.1426,83.2906
200.454,86.4866,66.7796,84.0928
292.8,276,24,30
294.647,277.615,23.839,29.7987
296.576,278.797,23.724,29.655
296.64,282.24,28.8,36
298.818,282.636,28.7736,35.9671
301.251,282.916,29.1688,36.461
597.6,144,24,30
600,148,20,25
600.718,149.294,20.3593,25.4491
602,148,20,25
602,154,20,25
311.04,290.304,34.56,43.2
310.727,292.34,34.9059,43.6324
393.984,283.392,34.56,43.2
397.44,283.392,34.56,43.2
314.496,293.76,34.56,43.2
316.353,291.603,34.2936,42.867
313.757,285.223,40.628,50.785
313.998,285.205,39.9743,49.9678
594,146,20,25
486,280,20,25
485.762,282.183,20.0159,25.0199
485.682,284.675,20.0602,25.0752
450,208,20,25
452,212,20,25
452,214,20,25
451.891,216.523,19.9737,24.9672
451.789,218.593,20.0859,25.1074
451.777,220.74,19.983,24.9788
451.989,222.775,19.6441,24.5551
451.552,223.819,19.7006,24.6257
450.788,224.05,19.7763,24.7204
450.296,224.043,19.7119,24.6398
449.851,223.214,19.8703,24.8379
449.83,222.429,19.6934,24.6167
449.841,222.035,19.5555,24.4443
450.12,222.028,19.4648,24.331
449.95,221.305,19.6776,24.597
451.659,221.284,19.0422,23.8027
Tracking failure detected
Tracking failure detected
Tracking failure detected
Tracking failure detected
Tracking failure detected
Tracking failure detected
175.2,271.2,24,30
160.807,254.749,52.8882,66.1102
Tracking failure detected
Tracking failure detected
Tracking failure detected
Tracking failure detected
Tracking failure detected
Tracking failure detected
Tracking failure detected
Tracking failure detected
Tracking failure detected
466.56,252.288,34.56,43.2
466.914,251.234,34.6547,43.3184
467.457,250.796,34.7328,43.4161
468.543,250.76,34.3229,42.9037
469.141,250.201,34.191,42.7388
469.615,248.309,34.0953,42.6191
469.783,245.408,34.0802,42.6003
470.155,242.516,34.1558,42.6948
470.592,241.653,33.9129,42.3911
470.55,241.859,34.0665,42.5831
470.235,242.571,34.1188,42.6485
469.645,242.411,34.2118,42.7648
469.221,241.273,34.4945,43.1182
468.962,239.981,34.6914,43.3643
469.04,238.826,34.5792,43.224
469.192,238.172,34.435,43.0438
469.163,238.08,34.5298,43.1623
469.088,238.317,34.6222,43.2778
469.034,239.145,34.786,43.4825
469.151,239.459,35.0165,43.7706
469.574,239.64,34.7914,43.4892
469.575,239.129,34.8207,43.5259
469.434,238.456,34.7759,43.4699
468.904,237.901,34.8563,43.5704
444,204,20,25
444.026,204.058,20.2075,25.2593
444.291,204.536,20.1115,25.1394
444.444,204.624,20.2177,25.2721
444.641,204.282,20.239,25.2987
446,204,20,25
446.024,202.791,20.0441,25.0551
445.601,202.253,20.2778,25.3472
192,250,20,25
190.296,249.559,19.3811,24.2263
183.665,255.357,19.1271,23.9089
182.226,258.078,19.8925,24.8656
182.178,261.005,20.2329,25.2911
90,212,20,25
89.8604,212.133,20.3992,25.499
90,212,20,25
90.2511,212.223,20.0595,25.0744
478,274,20,25
475.2,256.32,28.8,36
475.556,256.612,28.749,35.9363
475.883,256.597,28.7403,35.9253
476.03,256.216,28.8682,36.0853
476,272,20,25
476,270,20,25
476.928,255.744,34.56,43.2
477.076,257.01,34.3965,42.9956
477.6,276,24,30
477.821,275.723,24.2181,30.2726
452,276,20,25
477.6,264,24,30
64.4973,107.495,71.6636,89.5795
63.339,107.74,73.4716,91.8394
62.2589,109.51,73.9645,92.4556
475.2,273.6,28.8,36
474.833,273.532,29.1405,36.4256
475.2,276.48,28.8,36
475.2,279.36,28.8,36
474.712,278.081,28.6342,35.7927
474.632,276.665,28.7692,35.9614
473.472,273.024,34.56,43.2
478,272,20,25
452,276,20,25
449.827,273.688,23.4698,29.3372
480,264,20,25
480.625,263.843,19.8997,24.8746
481.68,264.496,19.3256,24.157
454,278,20,25
454.167,278.858,19.2253,24.0316
476,272,20,25
476.867,273.81,18.7035,23.3794
475.2,273.6,28.8,36
475.259,273.267,29.1967,36.4958
475.243,272.847,29.2232,36.529
475.009,272.373,29.1501,36.4377
474.328,271.748,29.0019,36.2524
472.32,276.48,28.8,36
471.785,276.478,29.0474,36.3092
472.32,276.48,28.8,36
472.32,276.48,28.8,36
471.425,277.529,28.6755,35.8444
472.32,282.24,28.8,36
472.334,281.375,28.716,35.895
472.363,280.318,28.6937,35.8671
59.7197,124.416,49.7664,62.208
59.7197,124.416,49.7664,62.208
59.1722,123.683,50.0836,62.6045
58.8089,123.621,50.0881,62.6101
58.6596,123.616,50.4786,63.0982
59.7197,124.416,49.7664,62.208
474,270,20,25
474.797,270.608,19.3392,24.174
474.921,270.832,19.4056,24.257
474.984,271.231,19.2984,24.123
475.068,271.735,19.1989,23.9986
475.2,276.48,28.8,36
475.2,273.6,28.8,36
475.887,273.538,28.9169,36.1462
476.101,273.517,28.7041,35.8801
475.989,273.179,28.7549,35.9436
475.569,273.492,29.0075,36.2594
474.958,274.799,29.2436,36.5545
524.16,190.08,28.8,36
527.04,192.96,28.8,36
478,280,20,25
475.2,271.2,24,30
476.017,270.818,23.7652,29.7065
476.374,270.269,23.5995,29.4994
476.382,270.033,23.5389,29.4237
476.064,269.851,23.6871,29.6089
475.503,270.274,23.8485,29.8106
475.103,270.782,23.5403,29.4254
475.123,270.359,23.5733,29.4667
475.432,269.305,23.603,29.5038
522.547,169.206,49.7664,62.208
473.472,269.568,34.56,43.2
473.472,269.568,34.56,43.2
475.2,273.6,28.8,36
476,280,20,25
168,324,20,25
168,312,20,25
444,190,20,25
166,292,20,25
164,282,20,25
474,272,20,25
440,186,20,25
439.061,186.494,19.9347,24.9183
438.929,186.469,19.8915,24.8644
62.208,174.182,41.472,51.84
62.208,174.182,41.472,51.84
58.0608,174.182,41.472,51.84
58.0608,170.035,41.472,51.84
62.208,174.182,41.472,51.84
54.743,169.206,49.7664,62.208
54.743,174.182,49.7664,62.208
132,298,20,25
435.456,182.477,41.472,51.84
132,292,20,25
132,300,20,25
130.936,303.102,20.3773,25.4716
128,298,20,25
130,300,20,25
437.944,174.182,49.7664,62.208
438.059,172.095,49.8452,62.3065
438.34,170.095,49.789,62.2363
456,198,20,25
454,198,20,25
432.968,169.206,49.7664,62.208
116,288,20,25
427.991,169.206,49.7664,62.208
431.309,178.33,41.472,51.84
435.456,179.712,34.56,43.2
427.162,170.035,41.472,51.84
426.509,169.413,41.5425,51.9281
425.604,169.361,41.7033,52.1291
424.576,169.789,41.7942,52.2428
423.546,170.72,41.9307,52.4134
422.609,171.738,42.0235,52.5293
58,200,20,25
427.162,178.33,41.472,51.84
426.197,177.552,41.8688,52.336
425.496,176.183,41.8092,52.2615
326.4,189.6,24,30
321.498,196.848,26.6351,33.2938
318.917,205.14,26.4036,33.0045
393.984,124.416,41.472,51.84
578,140,20,25
578.879,138.248,20.297,25.3712
579.288,136.689,20.1228,25.1534
579.038,135.518,20.4625,25.5782
578.546,135.203,20.7554,25.9443
578,136,20,25
578.033,136.904,20.2,25.25
578.4,134.4,24,30
579.266,135.77,24.009,30.0112
580.8,136.8,24,30
582.069,137.464,23.8772,29.8465
583.346,137.937,23.4779,29.3473
583.733,138.314,24.1162,30.1453
583.762,138.953,24.0589,30.0736
583.2,139.2,24,30
582.84,138.966,23.7107,29.6383
582.622,138.199,23.4031,29.2538
582.477,137.149,23.2304,29.0379
582.592,135.811,22.9505,28.6881
582.843,134.959,22.1778,27.7223
279.36,236.16,28.8,36
580,138,20,25
579.144,139.051,19.3423,24.1779
578.6,139.227,19.6691,24.5864
578.695,139.85,19.4555,24.3194
364.954,252.979,41.472,51.84
364.566,251.375,42.1982,52.7477
578,136,20,25
578.035,135.762,19.7602,24.7002
577.55,136.847,20.1122,25.1403
576.803,139.249,19.7861,24.7326
576.456,141.543,19.7736,24.7171
576.002,142.591,19.8758,24.8447
575.98,142.014,20.1127,25.1409
462,262,20,25
464,266,20,25
302.746,161.741,41.472,51.84
573.6,134.4,24,30
423.014,170.035,41.472,51.84
418.867,165.888,41.472,51.84
418.867,165.888,41.472,51.84
462,262,20,25
458,260,20,25
414.72,165.888,41.472,51.84
418.867,165.888,41.472,51.84
362.88,264.96,28.8,36
362.88,267.84,28.8,36
359.424,262.656,34.56,43.2
458,256,20,25
447.898,236.39,41.472,51.84
410.573,161.741,41.472,51.84
409.584,161.373,41.5957,51.9946
424.8,177.6,24,30
414.72,172.8,34.56,43.2
413.691,175.198,34.4587,43.0733
413.569,177.76,33.9557,42.4446
413.957,179.612,34.1223,42.6529
351.36,279.36,28.8,36
269.568,107.827,41.472,51.84
267.137,107.835,41.6701,52.0876
264.511,108.007,41.7131,52.1414
214.272,72.576,34.56,43.2
210.816,79.488,34.56,43.2
208.665,83.2791,34.032,42.54
210.24,92.16,28.8,36
208.27,97.6247,28.8146,36.0183
206.183,104.299,28.7436,35.9295
204.48,103.68,28.8,36
64,182,20,25
66,194,20,25
66,196,20,25
66,196,20,25
66,196,20,25
64,192,20,25
63.8279,189.121,20.0645,25.0806
66,202,20,25
66.0961,203.096,19.5115,24.3894
66,204,20,25
65.5367,205.67,20.2502,25.3128
352.512,248.832,34.56,43.2
350.972,252.942,40.48,50.6
54,288,20,25
54,290,20,25
54,286,20,25
53.1911,285.925,20.194,25.2425
452,270,20,25
160,178,20,25
160.954,180.928,20.2183,25.2729
44,290,20,25
41.6198,290.107,20.1124,25.1405
456,272,20,25
455.855,271.146,20.3065,25.3832
460.665,74.3008,148.602,185.752
456,272,20,25
449.28,235.008,34.56,43.2
460.665,74.3008,148.602,185.752
0,279.36,28.8,36
1.47176,274.734,29.126,36.4075
3.63564,270.494,28.7917,35.9896
5.71299,267.503,29.029,36.2863
7.2284,267.528,29.1367,36.4209
31.68,169.92,28.8,36
31.715,171.903,28.2662,35.3328
31.9824,174.836,27.1592,33.949
32.3803,176.907,26.017,32.5213
32.6917,178.223,25.5236,31.9045
443.75,236.39,41.472,51.84
443.75,236.39,41.472,51.84
443.93,236.59,41.2874,51.6092
446.4,239.04,28.8,36
446.255,239.651,28.9132,36.1415
445.824,238.464,34.56,43.2
445.824,241.92,34.56,43.2
468,256,20,25
38,290,20,25
38,292,20,25
446.4,276.48,28.8,36
446.49,276.91,28.5258,35.6572
446.838,277.077,28.3875,35.4844
447.471,276.418,28.3528,35.441
447.844,275.491,28.3409,35.4261
50.4,276,24,30
