290,135,47,168
283.668,104.509,49.7664,176.671
283.668,139.346,49.7664,176.671
288.645,139.346,49.7664,176.671
288.645,139.346,49.7664,176.671
289.411,139.651,49.6518,176.264
290.019,139.624,49.5555,175.922
290.427,139.706,49.4597,175.582
290.835,140.67,49.2753,174.927
290.524,141.422,49.1474,174.473
289.975,140.884,49.173,174.564
288.82,141.346,49.0283,174.05
273.715,87.0912,49.7664,176.671
273.715,87.0912,49.7664,176.671
277.862,145.152,41.472,147.226
277.862,145.152,41.472,147.226
273.715,145.152,41.472,147.226
269.568,145.152,41.472,147.226
268.533,146.099,41.2948,146.597
266.989,146.633,41.0805,145.836
269.568,174.182,41.472,147.226
273.024,157.248,34.56,122.688
269.568,174.182,41.472,147.226
269.566,174.578,41.4101,147.006
269.235,175.754,41.3144,146.666
269.315,176.422,41.2397,146.401
269.074,177.331,41.0856,145.854
267.999,177.981,41.1123,145.949
269.568,159.667,41.472,147.226
269.568,159.667,41.472,147.226
267.882,161.96,41.291,146.583
257.126,159.667,41.472,147.226
257.126,159.667,41.472,147.226
256.705,160.958,41.2948,146.597
255.775,161.943,41.2898,146.579
255.326,162.09,41.2515,146.443
253.583,162.174,41.1809,146.192
252.418,161.578,41.5108,147.363
251.569,161.627,41.5006,147.327
249.92,161.773,41.6853,147.983
248.834,161.756,41.7959,148.376
259.2,169.344,34.56,122.688
259.2,169.344,34.56,122.688
259.2,169.344,34.56,122.688
260.017,168.7,34.6966,123.173
259.2,169.344,34.56,122.688
260.413,169.408,34.4694,122.366
261.361,169.04,34.4017,122.126
189.6,142.8,24,85.2
196.8,142.8,24,85.2
201.204,142.443,23.8423,84.6401
204.889,142.201,23.6371,83.9116
208.224,141.532,23.4922,83.3974
211.438,141.062,23.2026,82.3694
214.972,140.447,22.8908,81.2624
218.491,140.356,22.5949,80.2119
261.274,159.667,41.472,147.226
261.274,159.667,41.472,147.226
261.274,159.667,41.472,147.226
260.272,159.207,41.7424,148.185
236.16,131.04,28.8,102.24
244.685,174.182,41.472,147.226
244.501,172.846,41.6454,147.841
244.448,170.977,41.6264,147.774
244.294,169.577,41.6642,147.908
244.685,145.152,41.472,147.226
244.901,143.905,41.5017,147.331
278.4,126,24,85.2
4.97664,121.928,49.7664,176.671
283.2,126,24,85.2
4.1472,145.152,41.472,147.226
12.4416,145.152,41.472,147.226
24.8832,145.152,41.472,147.226
30.3053,145.356,41.401,146.973
37.3248,145.152,41.472,147.226
41.472,145.152,41.472,147.226
45.4619,144.979,41.574,147.588
49.9723,144.067,41.6027,147.69
53.9132,144.289,41.657,147.882
58.7492,143.72,41.6176,147.742
62.9645,144.243,41.4359,147.098
67.9601,144.673,41.3279,146.714
72.3876,144.707,41.2332,146.378
77.189,144.86,41.1251,145.994
82.944,145.152,41.472,147.226
87.0912,145.152,41.472,147.226
369.6,134.4,24,85.2
374.542,133.885,23.9493,85.0199
381.6,126,24,85.2
386.63,125.397,23.8685,84.7331
391.673,124.848,23.8764,84.761
396.262,123.975,23.8001,84.4903
400.908,123.922,23.674,84.0428
405.939,123.652,23.6811,84.0677
410.404,123.464,23.861,84.7064
414.568,123.546,23.7924,84.4632
419.405,122.571,23.9217,84.9222
423.9,122.659,23.9096,84.8791
428.535,122.354,23.7599,84.3476
433.064,122.222,23.7919,84.4613
437.175,122.637,23.8756,84.7583
441.569,122.782,23.8633,84.7148
446.074,123.43,23.8032,84.5015
450.402,123.735,23.8177,84.5528
178,182,20,71
182.079,182.535,19.9798,70.9283
184,182,20,71
465.6,126,24,85.2
466.002,126.769,23.9837,85.1421
468.743,127.421,24.1449,85.7143
467.791,128.546,24.2869,86.2185
468,134.4,24,85.2
469.887,136.057,24.0049,85.2173
468.395,137.044,23.9581,85.0511
190.771,145.152,41.472,147.226
191.101,145.811,41.2318,146.373
191.754,145.464,41.3383,146.751
194.595,145.455,41.3544,146.808
196.001,145.618,41.3641,146.842
199.066,145.152,41.472,147.226
199.066,145.152,41.472,147.226
199.503,145.346,41.4351,147.095
203.213,145.152,41.472,147.226
204.597,145.477,41.3892,146.932
204.307,144.73,41.4604,147.184
207.36,145.152,41.472,147.226
208.045,145.919,41.5013,147.33
211.507,145.152,41.472,147.226
213.125,146.667,41.3376,146.748
213.716,147.241,41.2505,146.439
214.924,146.781,41.3785,146.894
216.282,146.271,41.444,147.126
216.903,145.909,41.6666,147.916
215.654,145.152,41.472,147.226
215.654,145.152,41.472,147.226
215.654,145.152,41.472,147.226
215.659,145.232,41.4326,147.086
215.654,145.152,41.472,147.226
215.654,145.152,41.472,147.226
215.654,145.152,41.472,147.226
215.654,145.152,41.472,147.226
215.654,145.152,41.472,147.226
215.78,145.476,41.1915,146.23
215.84,145.203,41.1871,146.214
215.957,145.171,41.228,146.359
216.153,144.464,41.3434,146.769
216.111,144.691,41.3781,146.892
216.851,145.298,41.1613,146.123
217.053,145.763,41.1678,146.146
219.802,145.152,41.472,147.226
220.283,145.982,41.2537,146.451
220.385,146.336,41.0736,145.811
220.016,145.792,41.2091,146.292
219.711,145.239,41.311,146.654
219.802,145.152,41.472,147.226
219.802,145.152,41.472,147.226
219.802,145.152,41.472,147.226
216.868,144.557,41.6056,147.7
215.654,145.152,41.472,147.226
212.927,144.388,42.0352,149.225
209.838,144.653,42.0841,149.399
208.422,145.531,42.1945,149.79
206.715,145.414,42.3105,150.202
204.951,146.488,42.3987,150.515
205.312,147.226,42.4146,150.572
204.996,147.558,42.3552,150.361
204.94,148.626,42.3827,150.459
204.924,148.744,42.3463,150.329
204.835,148.995,42.5614,151.093
203.904,181.44,34.56,122.688
203.904,181.44,34.56,122.688
211.507,159.667,41.472,147.226
209.691,159.245,41.5133,147.372
207.36,159.667,41.472,147.226
207.36,159.667,41.472,147.226
203.213,159.667,41.472,147.226
200.643,159.564,41.3856,146.919
199.066,159.667,41.472,147.226
197.347,160.934,41.4092,147.003
195.975,161.502,41.483,147.265
194.436,161.916,41.405,146.988
192.459,163.262,41.3928,146.944
186.624,157.248,34.56,122.688
184.617,157.896,34.4519,122.304
182.477,159.667,41.472,147.226
179.347,160.121,41.3925,146.943
178.33,159.667,41.472,147.226
174.214,159.596,41.5809,147.612
170.744,158.839,41.7969,148.379
168.359,158.757,41.9048,148.762
165.568,158.674,41.9537,148.936
162.285,158.008,42.213,149.856
157.594,159.667,41.472,147.226
154.86,159.19,41.6608,147.896
151.448,159.374,42.0346,149.223
147.151,159.585,42.0076,149.127
145.152,159.667,41.472,147.226
140.533,159.365,41.6268,147.775
136.089,159.635,41.4576,147.174
132.71,159.667,41.472,147.226
129.398,158.858,41.6069,147.704
125.896,159.255,41.6094,147.714
122.395,159.267,41.6492,147.854
119.813,158.717,41.6582,147.887
120.269,159.667,41.472,147.226
118.117,160.221,41.522,147.403
116.229,160.407,41.4946,147.306
113.805,160.712,41.5125,147.37
111.974,159.667,41.472,147.226
111.974,159.667,41.472,147.226
109.816,159.679,41.4602,147.184
107.827,159.667,41.472,147.226
105.51,160.068,41.4592,147.18
103.086,158.977,41.6059,147.701
99.5328,159.667,41.472,147.226
95.8019,159.351,41.611,147.719
95.3856,159.667,41.472,147.226
91.2573,160.381,41.5627,147.548
86.7389,160.561,41.5904,147.646
81.5011,160.459,41.5705,147.575
72.576,193.536,34.56,122.688
67.3986,193.023,34.8264,123.634
62.6532,193.267,35.0255,124.341
62.208,174.182,41.472,147.226
49.7664,116.122,41.472,147.226
45.6192,116.122,41.472,147.226
41.472,116.122,41.472,147.226
37.9944,116.681,41.6109,147.719
37.3248,116.122,41.472,147.226
34.5409,116.016,41.5191,147.393
31.776,116.611,41.5636,147.551
29.286,116.706,41.6733,147.94
26.8911,116.833,41.5961,147.666
24.4005,117.553,41.5274,147.422
22.3982,117.419,41.5975,147.671
20.173,118.074,41.4468,147.136
17.7636,118.785,41.5686,147.568
15.4547,119.839,41.4953,147.308
13.8691,120.133,41.4168,147.03
11.6512,121.141,41.354,146.807
9.80444,121.754,41.2862,146.566
7.7769,122.768,41.2023,146.268
5.6783,123.891,41.1119,145.947
8.2944,174.182,41.472,147.226
6.37517,174.357,41.4001,146.97
4.1472,174.182,41.472,147.226
0,174.182,41.472,147.226
0,174.182,41.472,147.226
-2.45846,174.2,41.4797,147.253
-5.3929,173.938,41.572,147.581
-7.57994,173.989,41.4478,147.14
-10.1421,174.143,41.4759,147.239
8.2944,174.182,41.472,147.226
6.95583,174.957,41.4899,147.289
5.82228,175.296,41.5272,147.422
5.77864,175.204,41.5535,147.515
5.1515,175.735,41.644,147.836
4.48827,175.279,41.8414,148.537
3.04582,175.389,41.8236,148.474
3.59778,175.483,41.6478,147.85
3.28255,175.713,41.6854,147.983
2.96742,175.301,41.6347,147.803
2.12954,175.759,41.6812,147.968
373.248,174.182,41.472,147.226
375.457,173.691,41.8055,148.41
377.395,174.182,41.472,147.226
378.954,173.846,41.495,147.307
379.822,174.304,41.6109,147.719
385.69,174.182,41.472,147.226
385.69,174.182,41.472,147.226
385.954,175.486,41.2847,146.561
385.92,221.76,28.8,102.24
385.971,223.968,28.0244,99.4866
386.334,226.154,27.2561,96.7593
387.349,228.092,26.5855,94.3784
388.323,229.635,26.1564,92.8551
391.595,229.578,25.9238,92.0296
397.44,193.536,34.56,122.688
107.827,130.637,41.472,147.226
106.285,130.36,41.406,146.991
103.762,130.37,41.4558,147.168
101.346,130.54,41.455,147.165
89.856,96.768,34.56,122.688
86.715,96.6945,34.4464,122.285
83.5722,96.2703,34.463,122.344
79.6275,96.5176,34.3802,122.05
76.0857,96.1463,34.4398,122.261
71.3783,96.7778,34.4021,122.127
66.9371,96.8902,34.4435,122.274
62.0607,97.0264,34.4234,122.203
56.5787,97.7641,34.5333,122.593
51.84,96.768,34.56,122.688
45.838,97.1284,34.6635,123.055
40.3794,96.6406,34.6865,123.137
33.472,97.08,34.7378,123.319
31.104,96.768,34.56,122.688
23.875,96.245,34.6201,122.901
16.641,96.1473,34.7861,123.491
9.62703,95.0052,34.8274,123.637
2.45882,94.9835,34.6258,122.922
0,130.637,41.472,147.226
440,294,20,71
436,294,20,71
433.064,292.587,20.3189,72.1322
430,294,20,71
426,266,20,71
424,266,20,71
424,266,20,71
422.996,265.732,19.9733,70.9051
422.454,265.69,20.0146,71.0517
421.961,265.811,20.0055,71.0196
421.987,265.451,20.0782,71.2776
422.188,265.541,20.0477,71.1693
422.012,265.078,20.1131,71.4015
422.458,264.173,20.2184,71.7752
422.388,264.113,20.2584,71.9172
252,28,20,71
248.38,28.0433,19.9692,70.8906
428,280,20,71
428,280,20,71
236,28,20,71
232,28,20,71
450,280,20,71
222,28,20,71
218,28,20,71
212,28,20,71
434,140,20,71
378,280,20,71
376.69,279.215,20.4325,72.5355
376,280,20,71
373.249,279.614,20.2223,71.7892
394.15,146.313,59.7197,212.005
398.131,139.346,49.7664,176.671
398.836,139.263,49.7734,176.695
400.453,138.699,49.8,176.79
398.131,174.182,49.7664,176.671
398.131,156.764,49.7664,176.671
399.008,156.424,49.9084,177.175
388.178,146.313,59.7197,212.005
388.178,146.313,59.7197,212.005
388.115,145.608,60.1247,213.443
388.178,146.313,59.7197,212.005
388.431,145.627,60.0744,213.264
388.821,144.723,60.5754,215.043
388.378,143.31,60.9566,216.396
387.229,143.309,61.1721,217.161
386.315,142.484,61.1495,217.081
385.522,142.18,61.3464,217.78
382.165,141.818,61.5748,218.591
381.862,140.2,61.9404,219.888
379.194,139.164,62.3709,221.417
375.512,137.661,62.5288,221.977
374.03,135.95,62.9456,223.457
370.258,134.878,63.5582,225.632
366.143,134.108,63.6938,226.113
364.803,132.728,64.0881,227.513
361.252,132.663,64.1467,227.721
358.318,167.215,59.7197,212.005
355.493,166.831,59.6004,211.581
353.689,166.202,59.4336,210.989
351.283,165.865,59.2672,210.399
349.164,165.008,59.3777,210.791
346.879,164.088,59.5529,211.413
344.57,163.578,59.6116,211.621
342.994,162.148,59.7521,212.12
341.158,161.368,59.9898,212.964
339.977,159.308,60.3156,214.12
339.325,157.394,60.6199,215.201
337.757,155.126,61.3056,217.635
352.346,125.411,59.7197,212.005
350.591,124.435,59.8868,212.598
349.913,123.141,59.7754,212.203
349.064,122.082,59.9322,212.759
347.542,122.103,59.9693,212.891
346.736,122.69,59.7172,211.996
345.268,122.882,59.4426,211.021
344.554,123.513,59.1964,210.147
343.439,123.148,59.088,209.762
342.34,123.191,59.0587,209.658
340.859,123.134,59.2905,210.481
339.97,123.077,59.3233,210.598
338.773,123.109,59.3214,210.591
337.855,123.084,59.4106,210.908
502,0,20,71
498,0,20,71
493.869,1.01521,19.8756,70.5582
488,0,20,71
483.118,1.62184,19.8758,70.5591
164,35,20,71
158.673,36.5661,20.0028,71.0099
150,42,20,71
146,42,20,71
140.148,42.8967,20.0503,71.1784
135.247,43.167,20.0823,71.2921
129.184,43.5567,20.2876,72.0209
123.358,44.3427,20.2688,71.9544
118,42,20,71
111.861,43.0134,19.9551,70.8404
107.16,43.5057,19.9517,70.8286
100.965,43.7695,20.2736,71.9714
95.2919,45.6664,20.1519,71.5391
94,49,20,71
88.4978,51.2471,19.9431,70.798
82.9996,52.7624,20.1242,71.4409
77.8221,55.2884,19.9888,70.9601
74,56,20,71
64,56,20,71
59.5555,56.6182,19.9145,70.6964
54.7129,57.159,19.9711,70.8974
49.8352,57.1363,19.9923,70.9728
45.341,57.2622,19.9239,70.7299
42.726,56.9531,19.9791,70.9258
41.2525,56.9717,20.006,71.0212
38,7,20,71
35.2601,7.8645,19.9039,70.659
31.7398,8.6722,19.5793,69.5065
30.4228,10.0496,19.473,69.1292
26,7,20,71
25.3172,7.65857,19.9117,70.6864
26.4,58.8,24,85.2
24,58.8,24,85.2
24.7389,59.5584,23.9413,84.9916
25.2436,60.7598,23.8108,84.5284
21.5527,61.4386,23.8984,84.8393
22.0675,61.619,24.0016,85.2055
20.8799,62.4374,24.2053,85.9289
17.9683,63.1212,24.1995,85.9082
17.4959,63.6507,24.3768,86.5375
14.1339,65.0217,24.2313,86.0211
12.5922,66.2067,24.132,85.6685
10.9685,65.9603,24.2572,86.1131
7.57674,66.575,24.2324,86.025
5.36607,66.9427,24.3526,86.4517
3.2598,66.5444,24.4555,86.817
0,67.2,24,85.2
-1.17433,68.6265,23.9017,84.851
-3.1557,70.5997,23.7985,84.4845
2,77,20,71
1.78044,79.0141,19.8264,70.3838
18,63,20,71
18.0234,64.0692,19.9411,70.7908
2,84,20,71
1.77286,84.8155,20.0917,71.3254
1.7929,85.2854,20.0462,71.1639
1.55645,85.6589,20.2739,71.9724
1.8373,85.947,20.4304,72.5279
2.34887,86.5076,20.2676,71.9498
2.3209,87.3235,20.4885,72.7342
2.91961,87.5382,20.662,73.35
2.54931,87.7397,20.8311,73.9503
2.53052,88.9908,20.7517,73.6685
0,91,20,71
-0.587984,93.2267,19.8839,70.5877
-1.56798,95.467,19.7593,70.1455
-2.3698,97.8184,19.5276,69.323
-3.871,99.8969,19.4948,69.2064
459.648,48.384,34.56,122.688
261.274,159.667,41.472,147.226
260.071,159.617,42.1183,149.52
6,21,20,71
3.91417,22.644,19.9595,70.8563
2.02039,23.5743,20.1818,71.6453
252,117.6,24,85.2
0,98,20,71
-2.54766,99.212,19.9922,70.9722
250,126,20,71
248,119,20,71
246.392,120.636,19.4527,69.0569
93.6,33.6,24,85.2
93.6,25.2,24,85.2
92,14,20,71
92,14,20,71
91.1718,14.8269,19.9635,70.8704
94,14,20,71
93.4717,14.7931,20.087,71.3087
78,35,20,71
78.3056,35.5222,20.0116,71.0413
78.8409,36.0764,20.214,71.7596
79.4268,36.749,20.1897,71.6735
242.4,42,24,85.2
243.113,42.4345,24.0638,85.4263
243.166,42.8954,24.1132,85.6019
242.921,42.9176,24.2427,86.0615
316.8,110.88,28.8,102.24
313.011,112.03,28.1449,99.9142
309.031,112.621,27.8427,98.8415
304.777,113.864,26.917,95.5552
355.2,75.6,24,85.2
355.2,75.6,24,85.2
352.8,75.6,24,85.2
350.4,75.6,24,85.2
348.54,74.2437,24.1679,85.7959
343.2,75.6,24,85.2
342,77,20,71
338,77,20,71
330,77,20,71
330,77,20,71
546.048,48.384,34.56,122.688
352,14,20,71
351.625,13.2484,19.9469,70.8115
352,14,20,71
352,14,20,71
352,14,20,71
352.068,14.2711,19.9319,70.7582
352,0,20,71
352,14,20,71
354,14,20,71
354,14,20,71
354.112,14.0934,19.9213,70.7208
354,14,20,71
354,14,20,71
354,14,20,71
354,14,20,71
354,14,20,71
354.356,13.6089,19.8749,70.5558
354.332,13.1957,19.8246,70.3775
354.37,13.3172,19.8388,70.4279
354.396,13.4024,19.8456,70.452
354.913,13.4532,19.8498,70.4666
354,0,20,71
354,0,20,71
354,0,20,71
354,14,20,71
353.363,13.334,20.0877,71.3115
352.417,13.8281,20.0434,71.1541
352.205,13.2742,20.014,71.0498
350.83,13.2027,20.0258,71.0917
350.34,13.0311,20.0438,71.1556
349.793,12.55,20.0345,71.1224
348.739,12.8022,20.006,71.0214
348.199,12.4267,19.9728,70.9036
348,7,20,71
347.202,6.42788,20.0084,71.0299
346.541,6.19851,20.07,71.2486
345.549,6.219,20.1116,71.3963
345.317,5.92661,19.967,70.8829
344.15,6.33073,20.0582,71.2064
343.902,5.60219,20.1764,71.6263
342,7,20,71
340.892,7.01118,19.9548,70.8394
339.944,6.6051,19.9705,70.8953
338.15,6.06951,20.1555,71.552
337.084,5.18937,20.1159,71.4116
110.4,50.4,24,85.2
233.902,87.0912,49.7664,176.671
233.902,87.0912,49.7664,176.671
232.752,87.1372,49.72,176.506
330,0,20,71
328.817,-0.451437,20.0632,71.2244
223.949,87.0912,49.7664,176.671
328,7,20,71
228.925,87.0912,49.7664,176.671
229.088,84.86,49.808,176.818
326,0,20,71
326,0,20,71
326,0,20,71
324,0,20,71
202,91,20,71
201.527,90.1619,20.2177,71.7729
427.2,58.8,24,85.2
425.474,58.7483,23.8079,84.5182
36,7,20,71
36.2027,6.73708,19.9266,70.7393
34.7962,6.67628,20.0013,71.0048
34.8476,6.59366,20.0297,71.1055
33.9937,6.35613,20.0641,71.2277
32.8747,6.45571,20.0728,71.2583
32.8528,6.30546,19.9296,70.75
31.9022,6.20061,19.954,70.8366
31.8517,6.65197,19.9594,70.8557
203.213,58.0608,41.472,147.226
203.213,58.0608,41.472,147.226
203.213,58.0608,41.472,147.226
202.55,57.8666,41.4917,147.296
202.776,56.8744,41.7585,148.243
202.725,56.1203,42.1043,149.47
30,7,20,71
30.8751,6.85222,20.0113,71.0401
31.1132,6.77162,19.9982,70.9936
31.0852,6.7439,20.0435,71.1545
31.8036,6.50023,19.9561,70.844
32.1478,6.92332,20.1052,71.3736
176,105,20,71
176.408,104.322,20.3136,72.1132
32,0,20,71
271.2,50.4,24,85.2
376.704,12.096,34.56,122.688
262.08,10.08,28.8,102.24
322,0,20,71
322.278,0.308258,19.9857,70.9494
199.066,34.8365,49.7664,176.671
199.711,36.1231,49.5757,175.994
200.413,36.4795,49.7555,176.632
200.615,37.1396,49.6563,176.28
200.756,37.4865,49.6545,176.274
201.162,37.5608,49.632,176.194
201.161,37.904,49.7201,176.506
373.248,43.5456,41.472,147.226
373.099,43.2321,41.7302,148.142
369.101,43.5456,41.472,147.226
368.883,43.6454,41.9509,148.926
338.688,12.096,34.56,122.688
297.216,84.672,34.56,122.688
207.36,29.0304,41.472,147.226
207.575,29.3862,41.6494,147.855
208.254,30.8018,41.509,147.357
277.862,72.576,41.472,147.226
277.941,74.9637,41.3017,146.621
273.715,72.576,41.472,147.226
213.996,34.8365,49.7664,176.671
215.654,43.5456,41.472,147.226
216.448,47.5287,41.2613,146.478
273.024,96.768,34.56,122.688
223.949,17.4182,49.7664,176.671
219.802,58.0608,41.472,147.226
221.222,61.4529,41.3148,146.667
221.834,63.8448,41.0877,145.861
223.557,64.7076,41.174,146.168
346,119,20,71
346.108,120.912,19.9207,70.7185
501.12,84.672,34.56,122.688
348,35,20,71
350,49,20,71
352.518,50.0034,20.0939,71.3333
356,56,20,71
358,42,20,71
360,56,20,71
345.6,109.2,24,85.2
347.919,110.119,24.1368,85.6857
350.1,111.123,24.1309,85.6648
151.2,134.4,24,85.2
155.517,135.905,23.909,84.8769
159.368,137.279,23.84,84.632
163.288,138.544,23.713,84.181
167.29,139.355,23.7504,84.314
171.765,140.237,23.6081,83.8086
175.207,141.169,23.5572,83.6282
178.946,141.304,23.7685,84.378
182.423,141.198,23.9176,84.9075
260,21,20,71
264,21,20,71
266,21,20,71
255.744,60.48,34.56,122.688
258.041,58.9853,33.9957,120.685
260.11,58.6526,33.4254,118.66
206.4,134.4,24,85.2
209.674,133.921,24.2443,86.0673
216,134.4,24,85.2
218.4,134.4,24,85.2
184.32,120.96,28.8,102.24
0,63,20,71
181.44,120.96,28.8,102.24
4,63,20,71
6,63,20,71
6,63,20,71
8,63,20,71
8.8782,63.2705,19.9426,70.7963
9.59525,63.2417,19.9709,70.8969
10,63,20,71
10.3488,63.3065,19.8723,70.5468
10.6875,63.2453,19.8607,70.5054
10,63,20,71
9.56664,63.4099,19.8849,70.5915
10,63,20,71
9.22529,63.3281,20.0086,71.0307
8.71293,63.3178,20.0068,71.0242
7.92342,63.6541,20.0195,71.0692
7.55032,63.6663,20.0375,71.1332
7.0766,63.4741,20.1371,71.4869
6,63,20,71
6,63,20,71
4,63,20,71
3.1102,62.1315,20.2826,72.0032
2,63,20,71
0,63,20,71
-1.63094,62.6867,19.9861,70.9506
297.6,142.8,24,85.2
374,126,20,71
298.598,58.0608,41.472,147.226
298.598,58.0608,41.472,147.226
298.598,58.0608,41.472,147.226
292.388,0,85.9963,305.287
291.486,-0.0662938,86.453,306.908
362.4,142.8,24,85.2
362.14,143.324,23.8837,84.7872
360.297,144.774,23.7845,84.435
359.524,145.538,23.8428,84.642
283.788,0,85.9963,305.287
282.635,0.349622,86.165,305.886
283.788,0,85.9963,305.287
283.788,0,85.9963,305.287
283.704,-0.271535,86.1436,305.81
283.657,0.241427,86.1819,305.946
283.788,-0.163945,86.4117,306.762
283.819,-0.549341,86.6605,307.645
284.118,-0.188337,86.6392,307.569
94,77,20,71
92,77,20,71
92.0701,76.5824,19.9565,70.8455
360,140,20,71
360,147,20,71
355.2,142.8,24,85.2
354.648,143.086,23.8916,84.8152
354.202,142.648,24.0307,85.3091
290,147,20,71
289.187,147.344,19.8728,70.5484
377.28,40.32,28.8,102.24
377.433,41.2902,28.2121,100.153
322.486,0,71.6636,254.406
380,56,20,71
322.486,0,71.6636,254.406
322.486,0,71.6636,254.406
322.486,0,71.6636,254.406
547.2,90.72,28.8,102.24
546.202,89.8323,28.5461,101.339
322.486,0,71.6636,254.406
329.653,0,71.6636,254.406
329.653,0,71.6636,254.406
336.819,0,71.6636,254.406
329.653,0,71.6636,254.406
388.8,90.72,28.8,102.24
389.419,89.0658,28.7321,101.999
389.497,87.0055,28.762,102.105
389.814,85.2527,28.8071,102.265
390.136,83.715,28.8009,102.243
390.251,82.3519,28.7448,102.044
390.655,80.8766,29.0042,102.965
390.619,80.2333,29.105,103.323
394.56,80.64,28.8,102.24
394.56,80.64,28.8,102.24
394.387,80.2232,28.9309,102.705
394.249,79.8414,29.1205,103.378
391.68,80.64,28.8,102.24
394.56,80.64,28.8,102.24
394.026,80.816,28.9012,102.599
394.111,81.2027,28.8969,102.584
394.341,81.4168,28.9375,102.728
394.252,81.396,29.198,103.653
394.267,81.5441,29.3005,104.017
387.072,84.672,34.56,122.688
387.291,85.2386,34.6594,123.041
387.203,86.4336,34.7631,123.409
387.415,86.8392,34.7427,123.337
387.133,86.9652,35.1255,124.695
387.072,84.672,34.56,122.688
383.616,12.096,34.56,122.688
383.544,12.7066,34.6386,122.967
384.613,12.5405,34.7328,123.302
384.764,11.8398,35.004,124.264
387.072,12.096,34.56,122.688
352.512,43.5456,41.472,147.226
352.512,43.5456,41.472,147.226
352.512,43.5456,41.472,147.226
353.378,43.7463,41.3822,146.907
353.532,44.7413,41.1652,146.137
354.088,45.5655,40.8568,145.042
354.896,46.1943,40.5747,144.04
354.712,46.5331,40.4499,143.597
352.512,43.5456,41.472,147.226
352.65,43.7028,41.2113,146.3
352.595,43.7341,41.1814,146.194
352.638,43.9656,41.09,145.869
352.524,44.3291,41.0856,145.854
353.23,44.7311,40.9227,145.276
353.905,45.1113,40.7922,144.812
354.399,45.4291,40.73,144.592
354.425,45.6843,40.6333,144.248
354.313,46.5447,40.4159,143.476
354.129,46.2965,40.2655,142.942
353.26,46.525,40.1548,142.549
354.24,80.64,28.8,102.24
352.512,58.0608,41.472,147.226
351.294,58.1464,41.4257,147.061
350.539,58.172,41.3933,146.946
352.512,60.48,34.56,122.688
351.623,60.2988,34.4254,122.21
345.6,48.384,34.56,122.688
345.6,48.384,34.56,122.688
345.6,48.384,34.56,122.688
344.7,48.6106,34.4355,122.246
345.6,60.48,34.56,122.688
345.016,60.0172,34.2043,121.425
340.07,43.5456,41.472,147.226
340.07,43.5456,41.472,147.226
338.252,42.7592,41.4643,147.198
337.406,42.4365,41.2189,146.327
336.101,41.0123,41.2992,146.612
334.298,40.4835,41.2823,146.552
333.702,39.8322,41.1713,146.158
338.688,36.288,34.56,122.688
331.776,48.384,34.56,122.688
335.232,48.384,34.56,122.688
333.278,47.8034,34.5858,122.78
331.776,48.384,34.56,122.688
328.32,48.384,34.56,122.688
326.418,48.7089,34.49,122.44
326.198,48.8602,34.3848,122.066
324.827,48.6375,34.5455,122.636
324.864,36.288,34.56,122.688
324.132,36.3299,34.5718,122.73
307.2,117.6,24,85.2
306.988,118.486,23.2911,82.6835
304,119,20,71
311.04,29.0304,41.472,147.226
309.898,28.5573,41.496,147.311
8,28,20,71
9.10269,28.21,19.9153,70.6994
10,28,20,71
10.1416,28.6539,19.8748,70.5555
11.2985,28.5088,19.9357,70.7716
307.584,48.384,34.56,122.688
306.206,48.7136,34.6398,122.971
299.52,50.4,28.8,102.24
297.638,51.2034,28.7866,102.192
302.4,50.4,28.8,102.24
556.8,75.6,24,85.2
16,35,20,71
352,112,20,71
350,112,20,71
18,35,20,71
435.954,0,59.7197,212.005
436.915,0.527083,59.7145,211.987
437.516,2.42726,59.4617,211.089
439.557,3.72383,59.0921,209.777
441.926,0,59.7197,212.005
443.489,1.81996,59.4657,211.103
445.197,2.16461,59.3314,210.626
28,42,20,71
30,42,20,71
32.0168,42.3411,19.8242,70.3757
32,42,20,71
56,49,20,71
58,49,20,71
60,49,20,71
62,49,20,71
42,42,20,71
44,42,20,71
46,42,20,71
47.2629,41.9936,20.119,71.4224
48.8839,41.605,20.0915,71.3248
50,42,20,71
50.9415,41.3903,19.8784,70.5683
52.3133,41.3601,19.8184,70.3554
52.9016,41.3622,19.7923,70.2628
54.2422,40.7561,19.8856,70.594
276.48,60.48,34.56,122.688
276.571,60.6731,34.5162,122.532
277.756,59.8349,34.5179,122.539
277.973,59.9415,34.6157,122.886
279.936,60.48,34.56,122.688
281.024,59.9676,34.6106,122.868
281.755,60.3738,34.6883,123.143
283.924,60.089,34.5524,122.661
285.373,60.6484,34.4559,122.318
287.582,60.8151,34.3406,121.909
289.792,60.7857,34.2503,121.588
291.608,61.8191,34.0961,121.041
293.76,60.48,34.56,122.688
297.216,60.48,34.56,122.688
297.216,60.48,34.56,122.688
297.216,60.48,34.56,122.688
298.675,60.0453,34.5815,122.764
299.826,59.7744,34.8336,123.659
301.572,59.3638,34.9595,124.106
302.168,59.7111,34.999,124.246
302.979,59.6699,35.0919,124.576
304.128,60.48,34.56,122.688
307.584,60.48,34.56,122.688
314.496,60.48,34.56,122.688
315.98,59.5613,34.6545,123.023
316.793,59.2943,34.8106,123.578
317.531,59.1915,34.9032,123.906
317.952,60.48,34.56,122.688
489.701,0,59.7197,212.005
81.6,117.6,24,85.2
81.6,117.6,24,85.2
80.6784,117.543,24.0418,85.3484
80.4414,117.319,24.2315,86.0219
79.2,117.6,24,85.2
76.8,117.6,24,85.2
75.3926,117.863,24.0488,85.3731
74.54,118.058,23.9874,85.1551
74.4,117.6,24,85.2
72.9549,117.726,24.0118,85.2419
71.4067,117.195,24.0412,85.3463
70.0383,116.903,23.9765,85.1168
92,119,20,71
90.9591,118.553,19.9752,70.9118
89.9543,119.034,19.9425,70.7959
89.762,119.047,19.9225,70.7248
88.8314,119.141,19.912,70.6876
88.643,119.439,19.8469,70.4565
88,119,20,71
62.4,117.6,24,85.2
62.4,117.6,24,85.2
61.8812,117.069,24.0511,85.3815
61.4309,117.018,24.0654,85.4321
61.7978,116.452,24.1673,85.794
62.4,117.6,24,85.2
63.0736,117.673,23.9753,85.1122
63.2651,117.868,24.051,85.3811
63.1644,118.186,24.1916,85.8801
63.6085,118.111,24.1387,85.6926
63.2994,118.235,24.2535,86.1001
63.7043,118.233,24.2507,86.0899
63.8248,118.039,24.2795,86.1922
63.5801,118.613,24.2884,86.2238
63.5405,118.294,24.2577,86.1149
63.0619,118.973,24.1279,85.6542
62.3956,119.288,24.2165,85.9686
62.4243,119.199,24.2583,86.1168
60.9073,119.866,24.2081,85.9388
60,117.6,24,85.2
60,42,20,71
58.3788,42.014,20.0381,71.1353
56.8493,41.3069,20.0893,71.317
54.3684,41.5807,20.173,71.614
52.7149,42.4698,20.0647,71.2298
50.7089,42.7114,20.2267,71.8048
47.853,42.6018,20.2991,72.0619
45.2104,43.045,20.2383,71.846
41.8326,43.7085,20.2659,71.9438
62,126,20,71
58.942,126.462,19.9333,70.7631
55.843,127.286,19.9864,70.9516
52.969,127.919,19.9452,70.8056
49.9288,128.457,20.0021,71.0075
47.8637,129.031,20.0227,71.0805
45.1145,130.5,20.0693,71.2462
42.7853,132.466,20.0482,71.1712
40,133,20,71
391.68,90.72,28.8,102.24
14,56,20,71
12.5496,58.323,20.1089,71.3867
10.8149,60.889,19.9646,70.8742
9.3845,62.4835,19.9413,70.7917
7.34306,64.1373,19.8697,70.5373
28,147,20,71
26.385,147.684,19.9474,70.8134
406.426,58.0608,41.472,147.226
402.278,43.5456,41.472,147.226
383.616,96.768,34.56,122.688
380.16,100.8,28.8,102.24
379.669,101.696,28.9349,102.719
16,154,20,71
14.1478,155.079,20.0191,71.0678
210.816,133.056,34.56,122.688
208.185,134.417,34.8008,123.543
206.714,135.418,34.7561,123.384
204.501,136.067,34.7269,123.28
202.335,137.229,34.5625,122.697
201.493,138.128,34.3639,121.992
200.404,139.178,34.2716,121.664
199.483,140.421,34.1746,121.32
198.007,140.704,34.4107,122.158
197.336,141.483,34.3042,121.78
196.282,141.012,34.6226,122.91
194.721,141.841,34.708,123.213
194.051,141.907,34.8195,123.609
192,142.368,34.9018,123.901
189.732,142.48,35.2666,125.196
188.332,142.241,35.3834,125.611
186.117,143.594,35.3739,125.577
184.451,144.046,35.6633,126.605
182.623,145.642,35.8316,127.202
179.969,147.337,36.0584,128.007
177.407,147.9,36.663,130.154
173.965,149.479,37.1283,131.805
169.344,157.248,34.56,122.688
169.344,157.248,34.56,122.688
166.58,159.947,34.6612,123.047
163.019,160.312,35.2688,125.204
223.59,90.2962,85.9963,305.287
222.166,91.3501,85.9684,305.188
220.859,93.4883,85.8829,304.884
218.713,94.2592,86.0117,305.342
216.826,94.8142,86.1595,305.866
141.696,169.344,34.56,122.688
139.375,169.594,34.5903,122.796
137.41,170.578,34.4187,122.186
135.157,172.481,34.2038,121.423
133.44,172.526,34.2862,121.716
132.313,172.047,34.2095,121.444
189.192,90.2962,85.9963,305.287
187.163,90.8899,86.2275,306.108
187.089,90.6847,86.2756,306.278
184.552,87.672,87.7557,311.533
373.248,145.152,34.56,122.688
373.474,144.623,34.5839,122.773
371.901,144.029,34.8612,123.757
366.336,145.152,34.56,122.688
365.561,144.268,34.9355,124.021
363.886,143.258,35.428,125.769
364.899,138.579,36.3435,129.019
304.128,169.344,34.56,122.688
304.079,168.369,34.6885,123.144
304.391,169.024,34.4343,122.242
302.893,171.764,33.6068,119.304
297.216,169.344,34.56,122.688
295.712,172.675,33.32,118.286
293.818,175.562,32.5144,115.426
391.68,151.2,28.8,102.24
338.412,139.346,49.7664,176.671
339.343,139.984,50.2107,178.248
290,196,20,71
287.47,197.155,19.7839,70.233
282,196,20,71
280.376,199.064,19.4955,69.2089
279.994,201.63,19.4193,68.9385
274,203,20,71
390,105,20,71
212,182,20,71
211.173,183.074,20.1778,71.6311
210,189,20,71
210.052,189.054,19.9149,70.6979
311.04,159.667,41.472,147.226
290.304,159.667,41.472,147.226
286.987,160.044,41.7492,148.21
163.393,90.2962,85.9963,305.287
160.836,88.0485,86.6221,307.508
158.479,84.9424,87.3728,310.173
165.113,72.2369,103.196,366.344
162.48,69.6944,104.152,369.74
160.903,68.5889,105.144,373.261
158.85,66.8877,106.319,377.434
157.305,65.4963,107.285,380.861
156.321,63.6849,108.225,384.2
267.84,201.6,28.8,102.24
268.007,201.389,29.2176,103.722
154.793,72.2369,103.196,366.344
152.259,70.2507,104.191,369.88
151.531,66.7094,105.192,373.431
149.742,64.4338,106.445,377.881
335.386,0,85.9963,305.287
144.474,72.2369,103.196,366.344
141.61,71.0854,104.516,371.031
213.12,211.68,28.8,102.24
335.386,0,85.9963,305.287
556,42,20,71
335.386,30.0987,85.9963,305.287
335.588,27.5375,86.6531,307.618
335.949,25.7383,87.2179,309.623
335.872,23.8199,88.061,312.616
336.567,21.5419,88.8123,315.284
335.289,21.735,89.2621,316.88
336.11,20.6668,89.7396,318.575
335.913,19.6616,90.1865,320.162
334.444,18.7307,90.8674,322.579
335.597,15.8188,91.459,324.679
352.585,30.0987,85.9963,305.287
354.286,26.3743,86.597,307.419
355.757,24.7757,87.1412,309.351
356.381,24.958,87.7669,311.572
356.211,26.0445,88.2423,313.26
361.185,30.0987,85.9963,305.287
362.29,29.7047,86.4819,307.011
362.817,28.4286,86.969,308.74
361.185,30.0987,85.9963,305.287
361.156,27.2569,86.2737,306.272
361.694,25.742,86.5929,307.405
362.924,25.0041,86.6635,307.656
362.255,25.5949,87.012,308.893
361.185,30.0987,85.9963,305.287
361.822,32.6225,85.7835,304.531
426,231,20,71
427.948,231.684,20.0722,71.2565
430.236,233.24,19.664,69.8073
369.784,0,85.9963,305.287
369.784,0,85.9963,305.287
369.784,30.0987,85.9963,305.287
378.384,30.0987,85.9963,305.287
379.505,32.9958,85.7837,304.532
381.463,34.065,85.7697,304.482
383.989,33.4434,85.8067,304.614
369.784,0,85.9963,305.287
443.52,70.56,28.8,102.24
444.948,66.7769,29.3071,104.04
446.879,62.8773,29.5948,105.061
447.653,57.8268,30.0036,106.513
432,159.6,24,85.2
388.8,10.08,28.8,102.24
389.256,10.3574,28.7364,102.014
400.122,104.509,59.7197,212.005
402.041,105.696,59.7323,212.05
402.766,107.553,59.9057,212.665
403.888,109.564,59.9259,212.737
402.45,111.887,59.8537,212.48
413.061,121.928,49.7664,176.671
414.499,124.425,49.7439,176.591
415.122,127.404,49.7183,176.5
400.32,30.24,28.8,102.24
401.291,30.3713,28.7721,102.141
401.321,31.3154,28.7783,102.163
423.014,58.0608,41.472,147.226
423.722,59.4343,41.4878,147.282
427.162,58.0608,41.472,147.226
428.049,58.2928,41.4527,147.157
429.364,58.8307,41.6848,147.981
431.742,58.3221,41.8112,148.43
427.991,52.2547,49.7664,176.671
429.824,52.4201,49.747,176.602
431.787,52.9579,49.5586,175.933
434.211,52.2637,49.386,175.32
435.912,51.6475,49.4596,175.581
438.003,51.4905,49.28,174.944
432.968,52.2547,49.7664,176.671
434.419,52.7108,49.7313,176.546
436.017,52.1062,49.7089,176.467
436.639,53.2432,49.7581,176.641
440,203,20,71
440.588,202.686,20.3103,72.1017
438,203,20,71
438.813,202.952,20.004,71.0142
427.991,139.346,49.7664,176.671
427.665,139.786,49.5263,175.819
427.902,140.464,49.212,174.702
272,210,20,71
273.016,209.357,20.0663,71.2354
442.368,24.192,34.56,122.688
444.028,23.4382,34.7275,123.283
444.508,23.5047,34.6223,122.909
442.368,24.192,34.56,122.688
443.369,23.1559,34.5994,122.828
443.287,24.155,34.741,123.331
443.646,23.4322,34.7906,123.507
418.038,139.346,49.7664,176.671
416.979,138.696,49.7348,176.558
416.423,138.623,49.2249,174.748
414.609,137.213,49.2119,174.702
423.014,139.346,49.7664,176.671
440.64,30.24,28.8,102.24
406.094,125.411,59.7197,212.005
403.992,123.345,59.5572,211.428
401.771,120.323,59.56,211.438
400.728,117.93,59.5486,211.397
399.464,114.952,59.5851,211.527
399.03,112.166,59.7541,212.127
399.186,109.541,59.9031,212.656
400.17,107.033,59.8959,212.63
401.959,104.314,59.8345,212.412
403.32,101.755,59.9846,212.945
404.866,99.2306,59.9581,212.851
406.03,96.812,60.0334,213.119
406.794,96.0139,59.9216,212.722
437.76,0,28.8,102.24
437.949,-1.14843,28.8611,102.457
438.19,-1.72538,28.7888,102.2
438.647,-2.14775,28.6461,101.693
440.64,0,28.8,102.24
440.176,0.221321,28.7688,102.129
537.477,104.509,59.7197,212.005
434.88,0,28.8,102.24
421.382,0,85.9963,305.287
421.382,0,85.9963,305.287
429.982,0,85.9963,305.287
429.982,0,85.9963,305.287
430.117,-2.3913,86.2278,306.109
455.781,0,85.9963,305.287
256,203,20,71
455.781,0,85.9963,305.287
464.38,0,85.9963,305.287
447.181,0,85.9963,305.287
464.38,0,85.9963,305.287
464.38,0,85.9963,305.287
465.211,-0.351752,86.0614,305.518
465.245,-0.0592906,86.0277,305.398
466.72,0.129191,85.9148,304.997
464.38,0,85.9963,305.287
464.38,0,85.9963,305.287
464.38,0,85.9963,305.287
464.38,0,85.9963,305.287
464.38,0,85.9963,305.287
465.247,0.970353,85.9856,305.249
464.925,2.78833,86.0324,305.415
465.951,3.40768,86.1128,305.7
466.165,3.48426,86.2614,306.228
466.182,5.28659,86.1134,305.702
467.185,5.52173,86.1106,305.693
466.79,6.56255,86.3703,306.615
466.976,9.14307,86.2929,306.34
467.778,11.199,86.3935,306.697
467.942,14.1763,86.2903,306.331
467.637,16.9726,86.294,306.344
467.481,19.2815,86.4016,306.726
466.831,21.6237,86.5364,307.204
466.577,23.9271,86.4572,306.923
465.526,25.6924,86.5711,307.327
464.38,30.0987,85.9963,305.287
463.796,31.8716,86.1165,305.714
462.285,34.8109,86.1116,305.696
462.007,36.5742,86.094,305.634
460.861,39.3074,86.1222,305.734
460.075,42.6703,86.0275,305.398
460.159,45.0718,86.015,305.353
459.25,47.0005,85.9371,305.077
459.517,47.1545,85.9166,305.004
459.313,47.0669,85.9706,305.196
459.481,47.6369,86.0113,305.34
460.288,47.7252,86.2182,306.075
460.352,48.7264,86.114,305.705
461.253,48.8986,86.0839,305.598
460.601,49.0543,86.1282,305.755
461.323,48.7037,85.9232,305.027
461.398,48.1633,85.9029,304.955
461.463,49.0459,85.7696,304.482
462.331,47.6885,85.9186,305.011
461.95,48.5145,85.8616,304.809
462.281,48.1788,85.7626,304.457
463.216,47.6822,85.7565,304.436
462.601,48.4532,85.8451,304.75
462.586,49.6923,85.6541,304.072
454.061,36.1185,103.196,366.344
443.52,40.32,28.8,102.24
444.454,39.11,28.8919,102.566
444.54,37.9414,28.8903,102.561
444.514,38.187,28.8918,102.566
445.417,37.0825,28.9488,102.768
445.187,37.5738,29.0667,103.187
445.762,36.9151,29.1335,103.424
418.038,139.346,49.7664,176.671
464.38,36.1185,103.196,366.344
464.807,36.5233,103.007,365.674
464.38,36.1185,103.196,366.344
464.268,36.3055,103.133,366.122
464.249,35.2288,103.146,366.168
464.38,36.1185,103.196,366.344
464.144,36.0614,103.229,366.462
463.258,37.6068,102.953,365.485
462.562,38.5259,102.683,364.526
461.325,39.1853,102.341,363.312
460.363,39.0329,102.128,362.553
454.061,36.1185,103.196,366.344
453.469,36.4495,102.849,365.115
452.321,37.4118,102.337,363.297
450.722,39.3749,101.939,361.884
450.306,39.4818,101.581,360.614
412.782,72.2369,103.196,366.344
412.587,73.5302,102.702,364.591
412.782,72.2369,103.196,366.344
411.697,74.1018,102.682,364.523
429.982,60.1974,85.9963,305.287
438.581,60.1974,85.9963,305.287
438.581,60.1974,85.9963,305.287
438.732,60.0073,85.7039,304.249
437.926,60.9302,85.472,303.426
437.837,61.8713,85.0899,302.069
437.084,63.0687,84.8117,301.081
436,64.2692,84.4724,299.877
435.934,64.6378,84.6351,300.455
435.707,65.0845,84.7668,300.922
435.296,65.9981,84.5732,300.235
435.316,65.9131,84.5367,300.105
435.073,65.9676,84.5571,300.178
435.053,66.1422,84.5984,300.324
444.314,75.2468,71.6636,254.406
443.338,76.0056,71.76,254.748
443.765,76.5431,71.5087,253.856
444.305,77.5467,71.2262,252.853
443.867,77.9,71.1786,252.684
429.982,75.2468,71.6636,254.406
429.286,75.2034,71.6807,254.467
428.847,74.7252,71.9546,255.439
428.486,74.461,72.1608,256.171
426.24,90.72,28.8,102.24
426.24,90.72,28.8,102.24
403.108,139.346,49.7664,176.671
402.341,140.091,49.9099,177.18
398.131,139.346,49.7664,176.671
396.892,140.401,49.8381,176.925
396.345,139.233,50.2864,178.517
394.27,139.103,50.4846,179.22
392.788,139.666,50.6147,179.682
374.4,235.2,24,85.2
372.651,75.2468,71.6636,254.406
388.178,139.346,49.7664,176.671
388.178,146.313,59.7197,212.005
495.673,146.313,59.7197,212.005
507.378,120.395,85.9963,305.287
357.12,110.88,28.8,102.24
190.08,90.72,28.8,102.24
480.384,60.48,34.56,122.688
480.418,59.6417,34.4936,122.452
482,203,20,71
361.185,90.2962,85.9963,305.287
359.902,89.134,86.1507,305.835
357.238,86.9435,87.3176,309.978
356.102,84.4313,88.0277,312.498
354.871,82.652,88.4353,313.945
335.386,90.2962,85.9963,305.287
394.15,125.411,59.7197,212.005
394.15,125.411,59.7197,212.005
400.122,125.411,59.7197,212.005
399.752,125.251,59.1923,210.133
400.122,125.411,59.7197,212.005
400.122,125.411,59.7197,212.005
398.278,123.813,60.4935,214.752
397.296,123.43,60.3908,214.387
395.957,122.268,60.3433,214.219
378.225,121.928,49.7664,176.671
378.225,121.928,49.7664,176.671
378.225,121.928,49.7664,176.671
373.248,121.928,49.7664,176.671
328.32,201.6,28.8,102.24
324.531,202.812,28.3535,100.655
321.922,203.53,28.055,99.5953
358.318,121.928,49.7664,176.671
356.46,122.574,49.7457,176.597
353.925,122.59,49.8677,177.03
466.56,60.48,28.8,102.24
467.065,60.2406,28.876,102.51
343.388,121.928,49.7664,176.671
343.388,121.928,49.7664,176.671
342.277,121.369,49.5577,175.93
469.44,60.48,28.8,102.24
470.234,60.8146,28.899,102.592
398.131,203.213,41.472,147.226
398.131,203.213,41.472,147.226
399.368,204.483,41.464,147.197
402.278,203.213,41.472,147.226
404.073,205.013,41.4736,147.231
476.928,48.384,34.56,122.688
364.29,146.313,59.7197,212.005
486.72,70.56,28.8,102.24
488.927,72.6656,28.7007,101.887
490.152,74.2883,28.5653,101.407
492.641,75.3695,28.6838,101.827
494.024,78.31,28.6734,101.791
495.603,80.6495,28.5981,101.523
497.399,82.1067,28.7458,102.048
498.589,83.8316,28.695,101.867
500.564,84.7398,28.7033,101.897
502.93,85.6252,28.7276,101.983
383.201,156.764,49.7664,176.671
383.48,157.896,49.6681,176.322
383.763,158.508,49.7317,176.547
384.638,160.267,49.3991,175.367
374.4,235.2,24,85.2
377.04,235.684,24.2109,85.9486
521.856,72.576,34.56,122.688
378.225,156.764,49.7664,176.671
380.554,159.51,49.2974,175.006
257.989,120.395,85.9963,305.287
258.177,122.259,85.3262,302.908
257.717,122.591,85.1705,302.355
257.674,123.059,84.9427,301.547
249.389,120.395,85.9963,305.287
249.389,120.395,85.9963,305.287
247.75,122.444,85.265,302.691
245.986,123.752,84.6988,300.681
244.156,123.748,84.3405,299.409
223.59,120.395,85.9963,305.287
223.59,120.395,85.9963,305.287
223.59,120.395,85.9963,305.287
221.602,123.194,85.2581,302.666
219.807,123.931,85.1571,302.308
393.984,188.698,41.472,147.226
385.69,188.698,41.472,147.226
385.69,188.698,41.472,147.226
385.69,188.698,41.472,147.226
385.54,188.952,41.3408,146.76
385.69,188.698,41.472,147.226
389.837,188.698,41.472,147.226
328,259,20,71
385.69,188.698,41.472,147.226
381.542,188.698,41.472,147.226
24,273,20,71
556.416,72.576,34.56,122.688
556.901,70.68,34.5371,122.607
556.793,68.6329,34.4154,122.175
26,259,20,71
27.1213,256.818,19.7062,69.9569
28.745,253.566,19.7697,70.1824
411.84,211.68,28.8,102.24
411.84,211.68,28.8,102.24
410.478,208.88,29.1121,103.348
410.785,205.903,29.2117,103.702
410.711,203.378,29.4608,104.586
409.875,201.186,29.5827,105.019
408.96,201.6,28.8,102.24
408.45,199.233,28.9932,102.926
408.646,196.893,29.0955,103.289
409.243,194.823,29.0499,103.127
409.214,193.98,29.0381,103.085
409.93,192.593,29.0776,103.226
378.225,139.346,49.7664,176.671
373.248,145.152,41.472,147.226
374.65,144.077,40.9032,145.206
38,224,20,71
39.1067,221.738,19.9605,70.8598
39.7344,220.156,19.977,70.9183
411.84,181.44,28.8,102.24
413.33,179.953,29.2907,103.982
40,217,20,71
40,217,20,71
42,217,20,71
44,217,20,71
44,217,20,71
45.4931,215.929,19.9672,70.8836
46.0278,214.686,19.9186,70.711
45.5732,214.73,19.914,70.6946
46.0069,214.071,20.0012,71.0042
46,210,20,71
45.7444,209.29,19.9523,70.8307
44,210,20,71
44,210,20,71
44.9328,209.481,19.8812,70.5784
44.9243,209.702,19.8614,70.5078
45.8007,210.322,19.8406,70.4343
46,210,20,71
46.7105,211.447,19.9403,70.788
48.8943,212.04,19.9144,70.6959
50,217,20,71
52,217,20,71
53.1827,217.834,19.8409,70.435
54,217,20,71
55.4091,219.039,19.9404,70.7886
56.9312,220.564,19.8889,70.6058
58.0414,222.622,19.9602,70.8588
58,224,20,71
60,224,20,71
60.4771,226.055,19.9693,70.8911
61.9765,227.341,19.9561,70.8443
353.341,156.764,49.7664,176.671
62,231,20,71
62.0997,231.049,20.0074,71.0263
61.4685,232.056,20.0596,71.2115
62.239,233.956,20.1556,71.5526
62.6273,236.248,20.0788,71.2796
64,238,20,71
65.2514,238.809,19.9567,70.8463
65.3768,239.677,20.045,71.1599
66.8268,241.188,20.0548,71.1945
67.2993,242.167,20.1418,71.5034
67.2993,242.167,20.1412,71.5012
67.8116,242.899,20.1601,71.5682
69.1615,243.262,20.047,71.167
69.3056,243.315,20.2489,71.8838
70.7768,243.774,20.2609,71.9264
71.1962,245.067,20.1613,71.5725
72.1257,245.447,20.255,71.9052
72.8028,245.775,20.3034,72.0771
73.1417,246.093,20.2489,71.8835
74.2137,245.113,20.0927,71.3291
74,245,20,71
74.5686,245.578,19.976,70.9148
75.7314,245.845,20.1026,71.3641
77.0234,246.825,20.0899,71.319
77.3786,247.883,19.9466,70.8104
77.8246,248.868,19.9002,70.6458
77.9111,250.208,19.9245,70.732
78.3599,251.291,20.0864,71.3069
79.293,251.248,20.1604,71.5693
338.412,174.182,49.7664,176.671
337.495,174.052,49.8068,176.814
335.622,174.731,49.8077,176.817
333.435,174.182,49.7664,176.671
332.333,174.657,49.8541,176.982
330.711,176.627,49.9074,177.171
330.156,177.324,49.9174,177.207
327.877,178.735,49.9296,177.25
327.059,179.193,49.9795,177.427
86,259,20,71
86.233,259.127,19.9799,70.9286
87.0262,259.05,20.0112,71.0397
87.1416,259.025,20.001,71.0036
86.6584,259.51,20.0243,71.0862
88,259,20,71
90,259,20,71
89.277,259.49,20.0474,71.1683
86,259,20,71
84.9377,258.457,20.0413,71.1466
84.4323,257.342,20.221,71.7846
83.669,257.756,20.1934,71.6867
83.9861,257.287,20.2585,71.9176
82.973,258.154,20.2496,71.8862
83.0001,258.266,20.1455,71.5164
82.9914,257.855,20.0946,71.3358
60,259,20,71
84,259,20,71
62,259,20,71
63.3342,258.537,19.9808,70.932
63.8001,258.019,19.9629,70.8682
64.5905,258.641,19.9138,70.6939
268.739,191.601,49.7664,176.671
266.154,191.866,49.6085,176.11
264.91,192.603,49.4446,175.528
88,259,20,71
89.2736,259.318,19.8829,70.5844
258.785,191.601,49.7664,176.671
256.183,193.038,49.6236,176.164
254.781,193.949,49.3603,175.229
251.6,195.644,49.1202,174.377
250.046,195.794,49.147,174.472
247.999,196.079,49.1946,174.641
246.336,196.835,49.2115,174.701
245.369,196.961,49.2013,174.665
243.757,196.82,49.2807,174.946
72,259,20,71
72,259,20,71
72,259,20,71
