23,88,66,55
29.8598,89.5795,71.6636,59.7197
29.7188,89.0417,71.6543,59.7119
29.6596,89.6613,71.2765,59.3971
30.5537,89.9831,70.9066,59.0888
30.5609,90.0114,70.5143,58.7619
30.2738,90.6919,70.465,58.7209
30.78,91.2219,70.0794,58.3995
31.0681,90.4177,69.6487,58.0406
30.8969,89.8333,69.561,57.9675
30.8969,89.8333,69.561,57.9675
31.2578,89.4477,69.5957,57.9964
31.5885,88.8682,68.8869,57.4058
31.4685,87.8844,68.645,57.2042
32.0977,87.4241,68.5453,57.1211
32.1142,86.1335,68.5177,57.098
32.3119,85.3065,68.479,57.0658
32.8917,84.8381,68.2469,56.8725
39.8131,84.6029,59.7197,49.7664
39.8668,84.9591,59.5376,49.6146
39.8131,84.6029,59.7197,49.7664
40.0794,84.789,59.492,49.5767
40.7879,85.3158,59.0353,49.196
41.4983,85.43,58.8159,49.0132
41.7488,85.9527,58.4752,48.7293
42.5549,86.0109,58.1588,48.4657
42.7899,85.097,58.6354,48.8629
42.9361,85.2128,58.3997,48.6665
43.6324,85.2256,58.67,48.8916
44.0627,85.0322,58.4541,48.7118
44.4152,85.2324,58.2294,48.5245
45.6434,85.9537,57.7433,48.1194
45.9731,86.3105,57.4301,47.8584
46.9462,85.9353,56.8847,47.4039
47.6909,86.1112,56.587,47.1558
47.951,85.9246,56.3056,46.9213
48.2871,85.1588,56.4188,47.0157
48.9439,84.2476,56.0949,46.7457
49.2324,83.421,55.9966,46.6638
41.472,89.856,41.472,34.56
44.928,89.856,41.472,34.56
58.752,89.856,41.472,34.56
59.0154,89.6854,41.9785,34.9821
59.4044,90.031,41.7758,34.8132
44.928,89.856,41.472,34.56
45.5569,91.2583,41.3145,34.4287
46.1052,92.7888,40.9435,34.1196
44.928,93.312,41.472,34.56
45.6871,93.7548,41.1574,34.2978
48.384,93.312,41.472,34.56
60.48,97.92,34.56,28.8
60.8518,97.3662,34.3521,28.6267
60.7856,97.157,33.8019,28.1683
61.0568,96.0146,33.4922,27.9102
61.2318,96.2453,33.4543,27.8785
61.4633,96.8098,33.1162,27.5969
61.3504,97.1517,33.0704,27.5587
62.2804,98.015,32.7397,27.2831
61.8999,98.5194,32.5893,27.1578
61.7056,99.5537,32.6794,27.2328
61.7056,99.5537,32.6794,27.2328
62.1759,100.174,32.3283,26.9402
60.48,103.68,34.56,28.8
60.48,103.68,34.56,28.8
60.6364,103.955,34.3484,28.6236
60.5027,103.578,34.1773,28.4811
66.24,97.92,34.56,28.8
66.3075,96.9804,34.4436,28.703
65.899,96.6239,34.4571,28.7143
66.2263,96.6503,34.1833,28.4861
63.36,97.92,34.56,28.8
63.9266,96.8462,33.9802,28.3169
63.871,96.8915,33.6987,28.0822
76,98,24,20
60.48,97.92,34.56,28.8
60.2691,97.8388,34.4819,28.7349
60.7185,99.0801,34.3152,28.596
61.1692,98.2726,34.1453,28.4544
61.6402,97.5689,34.0451,28.3709
61.2418,97.2782,34.116,28.43
61.802,97.2851,33.9331,28.2776
76,96,24,20
75.7611,95.4618,23.799,19.8325
76,94,24,20
76.1692,94.234,24.1159,20.0966
76,94,24,20
76.3037,94.953,23.779,19.8158
76.3799,95.1564,23.8854,19.9045
76.4561,94.9007,23.8526,19.8772
76.5995,95.1662,23.4285,19.5238
76.5084,94.9568,23.3777,19.4815
76,94,24,20
76,94,24,20
75.7897,93.1427,23.9379,19.9483
75.801,93.4209,23.5387,19.6156
76.1679,93.5955,23.4958,19.5798
76.0558,93.0662,23.3958,19.4965
75.8245,93.3637,23.2634,19.3862
76.1449,93.3246,23.1795,19.3163
67.2,96,28.8,24
67.2,96,28.8,24
67.0191,95.9349,28.9048,24.0873
72,94,24,20
57.6,89.28,34.56,28.8
64.8,96,28.8,24
72,92,24,20
58,90,24,20
66,88,24,20
66.0174,85.9445,23.9553,19.9628
72,84,24,20
72,84,24,20
64,84,24,20
63.6764,83.289,24.223,20.1858
63.6879,83.7989,24.0618,20.0515
63.1004,83.9729,24.1143,20.0953
63.0134,84.9194,24.3427,20.2856
63.1512,86.3628,24.1823,20.152
62.6266,87.3311,24.0838,20.0698
62.3593,88.6376,23.7662,19.8052
62.5254,90.2209,23.3226,19.4355
62.3165,90.2328,23.586,19.655
62.4012,90.7835,23.3535,19.4612
62.0287,91.0316,23.2746,19.3955
61.9478,90.9767,23.1166,19.2638
61.6089,89.6409,23.2759,19.3966
61.7421,88.8555,22.9026,19.0855
61.5803,87.8966,22.7017,18.9181
61.3607,87.0948,22.2138,18.5115
60.7774,86.1045,22.3985,18.6654
60.5539,86.1741,22.123,18.4359
60,86,24,20
60,86,24,20
58.9737,85.9872,24.6094,20.5078
58.8156,86.6168,24.5699,20.4749
58.4825,86.6824,24.6489,20.5407
57.9275,87.1688,24.5049,20.4207
57.4254,87.1238,24.742,20.6184
57.3837,86.7267,24.5556,20.463
57.2225,86.6747,24.2817,20.2348
56.923,86.7584,23.9025,19.9187
56.7079,86.7525,23.4396,19.533
50,86,24,20
62,86,24,20
54,86,24,20
53.6288,85.9719,23.9811,19.9842
60,86,24,20
59.4649,85.9069,23.9185,19.9321
48,86,24,20
47.7814,86.3184,24.064,20.0533
47.1517,86.371,24.0374,20.0311
46.5932,87.2503,23.8927,19.9106
54,92,24,20
56,88,24,20
56,88,24,20
55.1256,86.8356,24.334,20.2783
54.5963,85.6594,24.5738,20.4782
50,84,24,20
49.2817,82.2515,23.7355,19.7796
54,84,24,20
52,84,24,20
50,84,24,20
44,84,24,20
38,86,24,20
48,84,24,20
42,86,24,20
46,90,24,20
48,84,24,20
47.704,84.6158,23.2821,19.4018
40,86,24,20
40,86,24,20
39.8762,85.8141,23.7947,19.8289
39.3023,85.8411,23.5799,19.6499
44,84,24,20
38,86,24,20
38,86,24,20
38.196,85.7955,23.9395,19.9496
36,86,24,20
35.4231,86.1174,24.2313,20.1927
35.0639,86.2579,24.1393,20.1161
35.015,86.1744,24.0288,20.024
35.0157,86.7511,23.4284,19.5237
35.237,87.3655,22.495,18.7459
35.8443,87.7201,22.1282,18.4402
172,84,24,20
171.334,84.0694,23.9466,19.9555
172,84,24,20
170,84,24,20
170,84,24,20
169.61,84.1599,23.7896,19.8247
169.211,84.237,23.751,19.7925
168.317,84.1489,23.7602,19.8001
96,90,24,20
96,90,24,20
95.3699,90.1087,24.3063,20.2552
95.0055,91.0073,24.3357,20.2798
96,90,24,20
95.3908,90.5822,23.8477,19.8731
94.7834,91.2322,24.0016,20.0013
94.2778,91.1475,24.1715,20.1429
93.8019,90.9534,24.2386,20.1988
26,90,24,20
25.9887,90.9959,23.6641,19.7201
22,92,24,20
28,94,24,20
28.4104,94.5225,23.8002,19.8335
27.8984,94.459,23.0976,19.248
34,90,24,20
34.3377,89.7214,23.6135,19.6779
16.9782,74.6653,57.7717,48.1431
16.0298,71.8432,59.2349,49.3624
16.0298,71.8432,59.2349,49.3624
262,60,24,20
264,58,24,20
266.659,57.321,24.2027,20.169
270,58,24,20
273.041,57.7352,23.9316,19.943
276,58,24,20
279.504,59.2036,24.333,20.2775
282.46,59.2791,24.2843,20.237
28,84,24,20
30,84,24,20
26.4,81.6,28.8,24
26.3967,81.7337,28.7384,23.9486
26.6633,82.1143,28.3972,23.6643
27.0537,81.9674,27.9226,23.2688
30,86,24,20
18,84,24,20
26,88,24,20
26,88,24,20
38,84,24,20
20,82,24,20
20,82,24,20
22,82,24,20
20,82,24,20
18,84,24,20
18.0711,85.3923,24.0051,20.0042
18.0301,85.7864,24.1738,20.1449
17.7465,86.6758,24.2102,20.1751
17.9806,86.8628,24.0446,20.0372
17.8009,86.4274,24.1391,20.1159
17.7817,86.113,24.3258,20.2715
18,86,24,20
18.0078,85.2134,24.0558,20.0465
18.1591,84.9623,23.8814,19.9012
16,82,24,20
16.3405,82.5662,23.8323,19.8602
16.6451,83.2171,24.2893,20.2411
17.0182,83.8983,24.3145,20.2621
17.2889,83.7222,25.5992,21.3327
86,86,24,20
85.912,85.6874,24.4154,20.3462
88,86,24,20
90,86,24,20
86,84,24,20
86,84,24,20
86,82,24,20
86,82,24,20
86.2989,82.1744,24.1847,20.1539
86.2224,82.6533,24.6189,20.5158
86.8655,83.5994,25.0475,20.8729
86.9668,83.7262,25.591,21.3258
90,86,24,20
90.254,86.081,24.6545,20.5454
88,86,24,20
26,86,24,20
26.3171,85.6693,24.3567,20.2973
26.6126,85.468,24.3561,20.2968
88,90,24,20
20,86,24,20
22,86,24,20
90,90,24,20
90,90,24,20
90.5704,89.8838,23.7269,19.7724
91.75,90.0753,23.7136,19.7614
20,84,24,20
20,84,24,20
20.2418,83.7868,23.9818,19.9848
20.5048,83.0436,24.0683,20.057
20.7116,82.1669,23.7934,19.8278
22,80,24,20
22,80,24,20
22,80,24,20
23.0133,80.4202,23.3208,19.434
24,80,24,20
92,84,24,20
96,84,24,20
96.0459,84.178,24.746,20.6217
96.2441,84.0816,25.3328,21.1107
96.7315,84.0049,26.0557,21.7131
96.9049,83.3665,26.8261,22.3551
97.3863,83.1011,27.0896,22.5746
98.1168,82.1674,27.9122,23.2602
98.5578,82.2714,28.6576,23.8814
0,52,24,20
92,80,24,20
30,84,24,20
36,84,24,20
36,84,24,20
26,84,24,20
26.5325,83.7185,24.5056,20.4213
8,52,24,20
9.47165,51.9302,23.817,19.8475
11.0895,51.7794,23.5805,19.6504
12.0617,51.8781,23.1544,19.2954
13.2343,52.4719,23.0808,19.234
15.0418,52.1749,23.1481,19.2901
28,84,24,20
36,84,24,20
37.2216,84.3059,23.2567,19.3806
37.1344,83.749,23.8208,19.8507
38.094,83.9707,23.8675,19.8896
2,50,24,20
2.74984,49.6,24.5606,20.4672
2,50,24,20
4,50,24,20
6,50,24,20
7.94836,50.6703,23.9064,19.922
8.61806,50.4693,24.2981,20.2484
10.1151,51.1971,24.5578,20.4648
104,82,24,20
14,52,24,20
15.0189,52.1211,24.1733,20.1444
110,84,24,20
112,84,24,20
113.491,85.099,24.0582,20.0485
114,84,24,20
230,94,24,20
22,52,24,20
40,52,24,20
41.6014,51.7278,23.9451,19.9542
28,52,24,20
40,50,24,20
40,50,24,20
41.5499,49.3449,23.5923,19.6602
42.9043,49.0688,23.4879,19.5732
44.5443,49.1158,23.3137,19.4281
45.4297,49.4771,23.3219,19.435
47.239,49.4292,23.1081,19.2567
232,94,24,20
230,92,24,20
42,50,24,20
30,86,24,20
30.1749,86.5148,23.9002,19.9168
232,94,24,20
232.47,94.2468,24.2164,20.1803
230,94,24,20
228,94,24,20
228.534,93.8626,24.0046,20.0038
136,92,24,20
26,86,24,20
216,80.64,34.56,28.8
216.146,80.5494,35.8575,29.8813
223.2,88.8,28.8,24
223.2,88.8,28.8,24
223.461,89.1396,29.4577,24.548
223.391,88.7992,29.9729,24.9775
235.2,98.4,28.8,24
237.6,98.4,28.8,24
240,94,24,20
242,92,24,20
243.01,91.6646,24.2811,20.2342
243.815,90.7352,24.4609,20.3841
244.929,90.5608,24.7989,20.6658
245.653,90.0663,25.1967,20.9972
235.2,88.8,28.8,24
236.543,88.9626,28.7723,23.9769
234,94,24,20
235.486,94.8917,23.8639,19.8866
236.382,94.9249,23.4612,19.551
34,86,24,20
240,94,24,20
254,94,24,20
260,94,24,20
261.003,94.0607,24.5461,20.4551
264,96,24,20
248,92,24,20
276,102,24,20
248,94,24,20
254,94,24,20
280,98,24,20
282.352,98.6222,24.7061,20.5884
274,94,24,20
276.948,94.5087,23.9691,19.9742
278.356,94.997,24.3754,20.3128
276,94,24,20
262,94,24,20
266,94,24,20
267.288,93.2703,24.0156,20.013
268,94,24,20
278.4,98.4,28.8,24
280.529,97.7844,29.37,24.475
262,92,24,20
294,96,24,20
266,92,24,20
228,92,24,20
231.272,92.6146,24.1237,20.1031
234,92,24,20
240,98,24,20
242,98,24,20
245.024,99.2967,23.8367,19.8639
248.442,98.6453,23.3682,19.4735
248,98,24,20
292,100,24,20
294.973,99.2813,24.0023,20.002
256,96,24,20
66,86,24,20
66,86,24,20
67.1061,86.796,24.0005,20.0005
68.1994,86.9903,24.2031,20.1693
69.1725,87.8959,24.2262,20.1885
70.2304,87.8762,24.0406,20.0339
71.2845,87.5634,24.2018,20.1681
72.2559,87.4341,24.2171,20.1809
76,86,24,20
77.3205,85.2288,23.9816,19.9847
78,84,24,20
80,84,24,20
80,84,24,20
82,84,24,20
83.5199,84.4297,23.5534,19.6279
84.3537,84.0345,23.6735,19.7279
84,86,24,20
84.7488,86.2718,23.9692,19.9744
85.4493,85.987,24.1301,20.1084
86.5998,86.2628,24.0608,20.0507
87.3875,86.2721,24.2007,20.1673
88.4877,86.3304,24.064,20.0533
94,86,24,20
94,86,24,20
94,86,24,20
94,88,24,20
96,88,24,20
96.6974,87.9913,23.6335,19.6946
97.4635,87.942,23.6827,19.7356
94,92,24,20
94.5776,91.9282,23.926,19.9383
92,88,24,20
92.4498,88.1582,23.6992,19.7494
93.4961,87.7923,23.6743,19.7286
96,84,24,20
96,88,24,20
104,86,24,20
104.255,85.8614,24.3584,20.2987
103.617,84.165,28.535,23.7792
30,96,24,20
29.3638,95.9668,24.5313,20.4427
29.159,95.7725,24.8081,20.6734
64,96,24,20
64.0705,95.913,24.4789,20.3991
63.5137,95.937,25.5051,21.2542
24,96,28.8,24
6,96,24,20
64,100,24,20
63.5263,99.5779,25.2762,21.0635
14,100,24,20
224,104,24,20
218,102,24,20
218,102,24,20
218.4,100.8,28.8,24
220,104,24,20
220,104,24,20
220,104,24,20
220,104,24,20
222,102,24,20
222,102,24,20
220,102,24,20
222,102,24,20
246,34,24,20
248,34,24,20
248,34,24,20
250,34,24,20
252,34,24,20
232,92,24,20
233.332,92.5045,24.5007,20.4173
27.648,107.136,41.472,34.56
29.0304,103.68,49.7664,41.472
236,94,24,20
237.318,93.9031,24.4696,20.3914
238.012,94.2718,25.1606,20.9671
106,86,24,20
106.016,86.1456,24.5483,20.4569
105.831,86.2543,24.6536,20.5447
108,90,24,20
108.18,90.4131,23.8408,19.8674
106,90,24,20
106.207,90.3014,23.7101,19.7584
112,88,24,20
108,88,24,20
107.861,88.2337,23.7953,19.8294
107.776,88.542,23.8042,19.8368
107.942,88.6309,23.3442,19.4535
107.661,88.8974,23.1105,19.2587
107.767,89.0476,22.8561,19.0467
244,104,24,20
244,104,24,20
246,104,24,20
247.791,102.831,24.0799,20.0666
249.899,102.851,23.7673,19.8061
252.773,102.606,23.4755,19.5629
244,100,24,20
248,100,24,20
249.625,100.442,24.4,20.3333
254,102,24,20
256,102,24,20
256.8,100.8,28.8,24
254.4,100.8,28.8,24
255.163,100.757,30.0503,25.0419
102,86,24,20
101.873,85.4329,24.3771,20.3142
102,86,24,20
102,86,24,20
267.84,100.8,34.56,28.8
266,100,24,20
267.155,98.9916,25.2998,21.0832
276.48,95.04,34.56,28.8
277.31,94.2739,36.2566,30.2138
279.229,92.6838,36.8936,30.7447
276,100,24,20
282,100,24,20
284,100,24,20
284.31,99.1956,27.1425,22.6187
288,98.4,28.8,24
289.925,97.8157,30.9936,25.828
102,84,24,20
101.989,83.2725,24.1227,20.1022
102.41,83.2438,24.0984,20.082
104,82,24,20
104,82,24,20
104,82,24,20
104.349,82.0802,23.8975,19.9146
105.051,82.5836,23.5255,19.6046
105.618,82.9712,22.8544,19.0453
105.815,83.2924,23.2041,19.3367
105.496,82.8598,24.8327,20.6939
272,104,24,20
274.366,104.029,24.9181,20.7651
276.393,104.272,26.3386,21.9489
282,106,24,20
285.679,105.075,25.226,21.0217
288.295,105.351,26.055,21.7125
260,100,24,20
262.387,100.219,24.0792,20.066
264.992,99.82,24.9213,20.7677
266.809,99.7812,25.9845,21.6538
268.998,100.699,25.7082,21.4235
108,82,24,20
110,86,24,20
110.014,85.81,24.0182,20.0152
110.268,85.9563,24.1962,20.1635
110.401,86.1327,24.0761,20.0634
110.897,85.8282,24.0021,20.0017
112,84,24,20
112.12,83.3282,24.3093,20.2578
112,84,24,20
112,84,24,20
112.319,84.2275,23.9291,19.9409
112.234,84.332,23.8208,19.8507
112.351,83.5383,23.8324,19.8604
112,84,24,20
112.292,83.7213,24.1902,20.1585
112.429,84.0035,24.1485,20.1238
112.251,83.9597,23.8873,19.9061
112.571,84.0417,23.9383,19.9486
112.485,83.8092,23.473,19.5608
112.867,83.4692,23.5232,19.6027
112,84,24,20
112.032,83.6077,23.9939,19.9949
111.881,83.6586,24.135,20.1125
112,84,24,20
112.055,83.9926,24.1267,20.1056
112,84,24,20
111.946,84.8553,24.1552,20.1293
111.569,84.3982,24.1539,20.1283
112,84,24,20
111.759,84.2483,23.8292,19.8577
111.755,83.4293,23.7935,19.8279
111.785,83.6599,23.458,19.5484
112.026,83.7876,23.0431,19.2026
111.824,84.1184,23.4603,19.5503
111.529,84.3531,23.5968,19.664
286,116,24,20
290.618,116.809,26.2138,21.8448
295.011,116.401,30.4041,25.3368
110,84,24,20
111.037,84.1071,22.6797,18.8998
110.774,83.9749,22.9293,19.1077
110.824,83.8924,22.8248,19.0206
110.808,83.6446,22.8749,19.0624
110.676,84.2646,22.8384,19.032
110.564,83.5686,23.3484,19.457
54,112,24,20
270,106,24,20
272,106,24,20
44,118,24,20
39.9751,117.481,28.1686,23.4738
35.9068,116.487,30.803,25.6692
110,86,24,20
109.798,85.8269,24.3608,20.3007
110.553,84.9863,24.501,20.4175
109.885,85.0862,24.3988,20.3324
109.703,85.0892,24.4827,20.4022
110.265,85.1493,24.3888,20.324
110.111,85.1915,24.1707,20.1423
111.02,86.2915,22.282,18.5684
110.979,86.5612,22.3928,18.6606
111.211,86.3567,22.2316,18.5263
58,108,24,20
Tracking failure detected
Tracking failure detected
Tracking failure detected
Tracking failure detected
Tracking failure detected
Tracking failure detected
Tracking failure detected
44,116,24,20
42,118,24,20
30,120,24,20
36,122,24,20
32,122,24,20
26,124,24,20
22.7953,125.98,22.8364,19.0303
14.6983,124.248,31.6696,26.3914
7.94215,124.117,36.3731,30.3109
Tracking failure detected
4,136,24,20
-4.67182,136.457,29.4403,24.5335
-6.66456,138.387,30.6217,25.5181
-6.92023,141.516,31.5603,26.3002
-72.9747,87.4367,163.858,136.548
-74.9083,86.5586,166.173,138.478
-77.9574,85.941,169.064,140.886
-79.573,86.0441,170.352,141.96
-107.089,67.3262,219.887,183.239
-132.316,47.0626,269.836,224.863
-133.677,46.6168,272.033,226.694
-135.783,45.2264,275.624,229.687
-137.856,44.6875,278.577,232.148
-140.093,42.8453,281.761,234.801
-142.315,40.7799,285.147,237.622
-144.759,39.2118,287.665,239.721
-146.666,37.1814,290.612,242.177
-148.95,35.4378,295.182,245.985
-149.978,35.0007,296.578,247.149
-152.526,33.81,300.8,250.666
-155.41,32.5166,305.024,254.186
Tracking failure detected
Tracking failure detected
Tracking failure detected
Tracking failure detected
Tracking failure detected
Tracking failure detected
Tracking failure detected
98,84,24,20
97.7705,83.4135,24.7147,20.5956
98.1214,83.0719,24.7771,20.6476
97.8881,83.0841,24.6659,20.5549
97.769,83.0587,24.8837,20.7364
97.6636,82.315,25.3521,21.1267
97.3364,83.0735,25.2237,21.0198
97.4842,83.1248,25.4126,21.1771
97.3672,83.4511,25.5872,21.3227
97.17,84.7094,25.7611,21.4676
106,86,24,20
104,86,24,20
104,88,24,20
106,88,24,20
104,88,24,20
106,88,24,20
106,88,24,20
108,86,24,20
108.035,85.668,24.0337,20.0281
8,130,24,20
6.16139,131.164,24.4674,20.3895
0.133647,130.212,29.2804,24.4003
-1.58107,132.45,29.2804,24.4003
-6.70459,132.744,32.2681,26.8901
Tracking failure detected
Tracking failure detected
278,108,24,20
282,108,24,20
286,108,24,20
292,108,24,20
Tracking failure detected
Tracking failure detected
Tracking failure detected
Tracking failure detected
Tracking failure detected
Tracking failure detected
256,104,24,20
260,104,24,20
262.125,103.082,25.6069,21.3391
266,104,24,20
268.755,103.463,24.8501,20.7084
271.5,104.31,27.2278,22.6898
273.826,104.508,28.8151,24.0126
276.782,104.671,30.4153,25.3461
280.24,106.079,30.3094,25.2578
283.377,105.468,30.9662,25.8052
286.52,105.468,32.0615,26.7179
218,100,24,20
218.099,99.5515,25.2744,21.062
218.656,99.7395,26.463,22.0525
219.609,99.9115,27.5379,22.9482
218,98,24,20
238,102,24,20
218,102,24,20
236,102,24,20
214.272,82.944,41.472,34.56
215.387,82.6938,41.9517,34.9598
24,88,24,20
22.8654,88.0513,23.8999,19.9166
20,88,24,20
20,88,24,20
18.4097,88.5666,24.3802,20.3168
12,90,24,20
8,90,24,20
8,100,24,20
4.79944,100.08,25.3696,21.1413
1.29084,99.7715,26.5817,22.1514
-2.15837,99.3288,27.9083,23.2569
2,106,24,20
-2.20486,105.645,25.5951,21.3293
128,82,24,20
127.92,81.728,23.9986,19.9988
130,82,24,20
130,82,24,20
130.318,82.7416,23.7188,19.7657
128,82,24,20
128.14,82.4735,23.8526,19.8771
128.198,82.2665,23.7743,19.8119
52,88,24,20
51.0611,87.6038,24.1375,20.1145
49.9465,87.834,24.5062,20.4218
49.127,87.7792,24.4783,20.3985
48.2233,87.9457,24.4675,20.3896
47.299,87.863,24.6033,20.5027
44,90,24,20
42.7577,89.5544,24.5275,20.4396
41.4473,89.7596,24.979,20.8158
154,92,24,20
153.639,91.4499,24.6892,20.5744
152,92,24,20
151.895,91.9574,24.3319,20.2766
151.783,92.3372,24.7481,20.6234
152.41,92.7921,24.6091,20.5076
152.464,93.4976,24.3533,20.2944
151.942,93.2656,25.5968,21.3307
Tracking failure detected
Tracking failure detected
274,92,24,20
276.542,91.2558,24.7678,20.6398
30,92,24,20
28,92,24,20
38,94,24,20
36.4499,94.3892,24.5163,20.4303
34.9007,93.8987,24.8737,20.7281
33.3831,94.5957,25.3005,21.0837
284,98,24,20
286.896,98.3611,24.6769,20.5641
289.896,98.8226,25.7534,21.4612
291.885,98.9547,26.9585,22.4654
46,102,24,20
44.6029,101.761,24.9189,20.7657
34,102,24,20
40,102,24,20
38.373,102.973,24.318,20.265
132,82,24,20
131.929,82.5822,24.0345,20.0288
131.553,82.2132,24.4878,20.4065
131.431,82.029,25.0076,20.8397
131.082,81.9443,25.7347,21.4456
128,82,24,20
127.522,82.2067,24.2274,20.1895
127.38,82.6453,24.3731,20.3109
126.95,82.4847,24.5879,20.4899
126.507,82.8448,24.9069,20.7557
246,110,24,20
254,110,24,20
254.585,109.484,27.6343,23.0286
255.747,108.233,28.4662,23.7218
255.765,107.393,29.9877,24.9897
28.8,112.32,34.56,28.8
124,78,24,20
104,86,24,20
102.769,85.4153,24.3453,20.2877
104,86,24,20
102,86,24,20
100.419,86.0934,24.6984,20.582
99.3299,86.4001,24.747,20.6225
88,88,24,20
86.3747,87.9382,24.5856,20.488
84.7999,88.1244,24.9291,20.7743
82.979,87.8639,25.3083,21.0902
81.3886,88.3908,25.7257,21.4381
79.4008,88.2215,26.0969,21.7474
110,84,24,20
108.289,84,24.4834,20.4029
106.796,84.1095,25.0107,20.8422
152,92,24,20
150,88,24,20
152,88,24,20
150.85,87.783,24.9186,20.7655
174,84,24,20
174.171,84.2453,23.9322,19.9435
174.443,84.5125,23.692,19.7433
172,86,24,20
178,86,24,20
182,84,24,20
182.467,84.4822,23.6169,19.6807
182,84,24,20
182,84,24,20
181.862,83.3692,24.2276,20.1897
180,84,24,20
180,84,24,20
180.435,84.1933,23.3309,19.4424
180.576,84.5674,23.0426,19.2022
116,92,24,20
114.277,92.3394,24.6683,20.5569
108,94,24,20
106.106,94.3637,24.6351,20.5292
20,94,24,20
16.9598,94.1274,25.0407,20.8672
102,94,24,20
110,96,24,20
118,94,24,20
122,94,24,20
114,96,24,20
116,94,24,20
100,82,24,20
98.0308,82.1647,24.1016,20.0846
96.3007,82.1163,24.1683,20.1403
92,82,24,20
28,78,24,20
26,80,24,20
22,78,24,20
19.2807,78.5811,24.0407,20.0339
12,96,24,20
56,98,24,20
202,100,24,20
34,98,24,20
202,102,24,20
88,102,24,20
28,100,24,20
18,100,24,20
8,100,24,20
58,108,24,20
58,110,24,20
40,108,24,20
35.7455,107.778,25.3614,21.1345
50,108,24,20
45.0572,108.079,26.2332,21.861
51.84,100.224,41.472,34.56
66.3552,95.3856,49.7664,41.472
62.8499,95.6883,51.3024,42.752
60.016,96.0117,51.9935,43.3279
230,114,24,20
232,116,24,20
19.9066,99.5328,59.7197,49.7664
15.2908,98.7984,62.4449,52.0374
6,126,24,20
52,82,24,20
49.1294,81.7519,24.3109,20.2591
60,82,24,20
58,82,24,20
54,82,24,20
176,80,24,20
175.543,79.8856,23.6573,19.7144
175.312,80.5439,22.8815,19.0679
174.886,80.4815,22.8329,19.0274
174.407,80.7466,23.3078,19.4232
50,90,24,20
47.1719,90.1781,24.9416,20.7847
44.2973,90.794,25.4722,21.2268
41.8474,90.7529,25.9314,21.6095
39.0737,91.7194,26.514,22.095
32,86,24,20
29.3265,86.043,24.4034,20.3362
25.7484,85.9656,25.1245,20.9371
24,86,24,20
20.6895,85.7303,24.8376,20.698
17.5903,85.7519,25.0566,20.8805
14.0636,86.389,25.3205,21.1004
11.8257,84.8342,25.4948,21.2457
8.63493,82.4475,25.7086,21.4238
5.16464,81.9152,26.5949,22.1624
6,88,24,20
192,74,24,20
191.421,74.8764,23.0748,19.229
192,74,24,20
191.479,74.5341,23.2536,19.378
190,76,24,20
188.965,75.3714,23.7546,19.7955
188.336,76.2385,22.9564,19.1303
187.995,76.4716,22.2273,18.5227
187.407,76.8628,21.3117,17.7598
102,82,24,20
100.098,82.0381,24.3359,20.2799
98.5738,82.2017,24.8414,20.7012
242,76,24,20
241.654,75.4012,25.0939,20.9116
92,84,24,20
166,84,24,20
166,86,24,20
164,84,24,20
172,82,24,20
170,82,24,20
168,82,24,20
167.587,81.885,24.4947,20.4123
167.554,81.4479,24.9843,20.8203
167.283,80.2039,25.3265,21.1054
167.226,79.5821,25.519,21.2658
174,80,24,20
174.223,78.9974,23.8684,19.8903
174.171,78.965,24.0737,20.0615
173.993,79.2021,24.3696,20.308
173.814,79.0353,24.6669,20.5557
173.469,79.5787,24.7112,20.5927
173.685,79.4716,24.9512,20.7927
173.715,80.0875,24.7101,20.5918
173.677,81.0723,24.6916,20.5763
176,86,24,20
175.598,86.5485,24.2039,20.1699
176,86,24,20
148,78,24,20
176,80,24,20
144,76,24,20
140,76,24,20
138.796,75.5596,24.1739,20.1449
137.121,74.5734,24.3226,20.2689
135.466,74.9748,24.5552,20.4627
134.025,74.2645,24.681,20.5675
134,74,24,20
132.761,74.4278,23.812,19.8433
130,74,24,20
128.536,74.7996,23.93,19.9417
108,76,24,20
106.216,75.8795,24.3088,20.2573
106,76,24,20
103.993,75.7193,24.4303,20.3586
101.947,74.7237,25.3071,21.0892
99.1565,75.2042,25.9446,21.6205
97.1661,73.9545,26.674,22.2283
114,70,24,20
114,72,24,20
115.2,66.24,34.56,28.8
113.474,66.4914,34.6004,28.8337
111.742,66.5395,34.6529,28.8774
109.44,66.24,34.56,28.8
107.939,65.9657,34.7961,28.9968
105.87,65.4115,35.3352,29.446
104.487,65.1673,35.8842,29.9035
98,70,24,20
96.2705,69.7561,24.4124,20.3437
162,74,24,20
161.735,74.4058,24.1363,20.1135
161.261,74.906,24.5012,20.4177
160.074,75.5745,24.6408,20.534
160.109,74.8452,24.4996,20.4163
164,76,24,20
163.462,74.85,24.1299,20.1082
163.647,74.8541,23.7054,19.7545
16,78,24,20
13.2033,77.615,24.3777,20.3147
162,76,24,20
166,74,24,20
138,80,24,20
162,76,24,20
161.812,76.0064,24.1748,20.1457
160,76,24,20
159.98,75.0788,24.1027,20.0855
158,76,24,20
134,80,24,20
138,80,24,20
164,74,24,20
162,72,24,20
161.336,71.3775,23.9005,19.9171
162,70,24,20
162,68,24,20
164,78,24,20
164.573,77.9436,24.0978,20.0815
154,70,24,20
154,70,24,20
54,72,24,20
76.8,2.4,28.8,24
75.623,0.849218,29.3334,24.4445
73.2975,0.138577,29.4873,24.5727
152,70,24,20
152,72,24,20
151.335,72.1118,24.1125,20.0938
151.957,72.3105,23.7181,19.7651
158,72,24,20
158,76,24,20
152,72,24,20
152,72,24,20
151.917,71.1762,24.3622,20.3018
154,78,24,20
156,72,24,20
160,72,24,20
154,74,24,20
156,74,24,20
156.331,75.6307,23.6904,19.742
152,74,24,20
152.094,72.9697,24.677,20.5642
151.86,72.9958,24.183,20.1525
150.959,72.9068,24.635,20.5291
151.401,72.2275,24.5302,20.4418
156,76,24,20
150,72,24,20
156,76,24,20
155.41,75.8044,24.1644,20.137
158,72,24,20
156,69.6,28.8,24
155.612,69.3484,28.6599,23.8832
152,68,24,20
151.706,68.2767,23.9887,19.9905
151.059,68.0123,24.4179,20.3482
150.958,67.0147,24.8697,20.7248
150.752,66.6986,24.9863,20.8219
149.829,65.4721,25.4413,21.2011
150.028,65.101,25.679,21.3992
