256,152,73,210
257.099,153.581,73.8798,207.39
257.047,154.053,75.2485,205.897
257.068,157.387,76.5044,204.344
256.816,158.006,76.8556,200.884
256.237,164.01,77.7092,199.271
255.994,161.334,78.736,197.557
256.017,167.547,79.1456,195.17
255.718,165.261,80.2115,193.822
255.224,167.981,81.3092,193.113
254.849,167.909,81.879,191.014
254.039,174.545,82.8156,190.56
254.514,174.239,82.3586,186.442
254.431,175.264,82.1718,182.9
254.737,178.775,82.2931,180.342
254.566,180.89,82.4537,177.692
254.618,185.656,82.6124,175.469
254.115,180.464,82.257,171.986
254.028,188.623,82.8637,171.37
254.612,185.397,82.1933,167.516
254.541,191.118,82.42,166.184
254.618,194.148,82.5836,164.386
255.442,191.022,82.0052,160.957
255.451,194.114,82.4814,160.271
254.544,195.947,83.2055,159.741
255.091,198.221,82.8852,157.271
254.316,198.743,83.4254,156.512
254.022,199.521,83.8234,155.703
253.329,199.337,84.5652,155.668
254.28,199.082,84.5235,154.44
254.142,198.865,85.0591,154.115
253.82,200.853,85.4781,153.504
252.734,200.535,86.2868,153.914
253.372,200.306,86.6932,153.63
253.901,200.388,87.1136,153.426
252.643,198.62,87.6483,153.744
253.862,202.253,87.5745,152.535
253.152,200.637,88.1374,152.934
253.297,200.444,88.4981,152.949
252.021,199.871,88.6643,152.737
253.14,201.881,88.6436,151.98
253.068,201.71,88.8797,151.802
252.344,201.252,89.0853,151.816
252.672,201.317,89.2814,151.807
251.66,200.421,89.4809,151.791
252.093,202.153,89.4291,151.236
252.194,202.499,89.5621,151.156
252.322,202.672,89.8,151.207
252.212,202.648,90.0011,151.217
252.905,202.628,90.1352,151.182
252.728,202.328,90.4843,151.428
252.229,201.505,90.9324,151.799
251.28,199.832,91.4466,152.393
252.605,202.282,91.2351,151.733
252.902,202.098,91.5933,152.022
252.829,201.26,91.9361,152.381
251.529,199.503,92.5583,153.1
253.315,202.856,92.3745,152.561
252.109,201.612,92.8205,152.885
252.059,199.434,93.265,153.378
251.841,199.262,93.6251,153.806
252.89,200.578,93.5423,153.487
252.631,198.866,93.9879,154.038
251.388,200.314,95.062,155.466
252.556,197.185,94.9867,154.986
251.928,199.912,95.775,156.057
251.302,198.713,96.6906,157.405
252.848,197.794,96.5154,156.82
252.283,198.959,97.3913,158.307
252.241,195.156,98.4247,159.639
252.064,196.91,99.1755,160.999
252.932,196.247,99.8827,161.335
252.705,196.776,100.307,161.261
252.877,196.358,100.462,160.741
252.179,197.871,101.677,162.473
251.904,191.954,101.666,161.45
253.639,196.095,102.532,163.447
253.961,195.18,102.979,163.369
253.21,194.333,104.814,165.494
252.883,193.062,105.962,166.654
251.691,192.895,108.073,169.627
252.387,192.814,109.26,170.83
251.382,188.994,110.342,171.63
250.168,189.41,111.666,173.961
251.642,188.802,111.862,174.113
250.656,187.399,111.873,174.104
250.336,187.327,112.347,175.189
249.735,185.985,112.579,175.645
249.516,187.546,112.652,176.125
251.705,186.115,111.146,173.71
251.698,185.886,113.059,176.14
251.168,184.612,114.64,178.081
249.902,183.781,115.201,178.641
249.173,184.467,115.479,178.954
249.262,182.418,115.017,178.467
248.979,186.633,114.348,177.934
248.818,184.461,112.298,175.137
249.31,191.101,110.883,173.519
249.999,191.309,109.284,171.058
250.642,193.432,107.815,168.839
251.27,191.887,106.297,166.233
250.715,196.331,105.799,165.8
251.695,195.836,104.672,163.61
251.685,196.839,104.84,163.773
251.032,196.603,105.804,164.859
250.041,193.89,107.795,166.84
249.76,195.364,110.476,169.55
247.869,194.54,113.924,172.433
244.992,194.176,118.601,176.615
245.835,195.943,120.282,176.268
244.753,196.534,123.6,175.838
242.381,195.799,125.534,173.098
238.342,195.924,127.562,171.578
234.36,197.93,129.727,168.787
233.779,200.897,130.311,164.771
231.836,202.735,131.814,162.533
231.32,207.473,132.672,158.4
232.662,212.334,134.827,154.925
234.589,213.811,134.049,150.663
232.545,212.925,136.69,151.845
231.51,213.042,137.738,151.202
230.685,214.282,138.091,150.342
230.707,212.011,140.244,152.07
228.638,212.552,140.655,151.886
226.391,214.11,143.238,152.888
223.847,218.751,146.202,151.915
227.288,221.766,143.564,147.803
217.607,217.96,150.742,152.763
225.68,216.854,158.902,155.901
236.391,213.465,164.151,157.56
243.385,208.743,166.179,157.441
241.564,208.274,169.575,158.361
240.456,208.41,170.711,157.146
236.787,209.784,171.424,155.503
237.373,206.83,172.918,155.774
234.134,206.873,175.804,156.229
229.262,206.279,180.558,158.179
225.358,209.178,186.761,159.351
226.557,209.901,192.591,159.693
222.727,209.589,198.893,161.045
214.931,207.013,206.928,162.464
197.71,201.954,219.591,166.795
162.652,189.664,245.891,179.541
139.744,177.205,263.195,187.822
130.93,168.997,274.367,192.689
128.093,166.129,282.679,196.799
126.117,164.872,288.543,199.234
126.282,164.943,290.714,199.385
126.181,164.817,292.822,199.539
125.538,165.961,294.586,199.976
124.379,164.173,295.19,198.881
123.915,165.965,295.774,198.573
122.827,166.007,296.772,198.406
122.371,166.042,296.472,196.999
122.116,166.915,296.283,195.939
122.016,168.072,296.14,195.003
123.351,169.017,296.307,194.006
121.84,170.483,296.616,193.82
122.48,169.874,296.727,192.779
121.812,171.107,296.567,192.026
121.727,172.048,296.887,191.609
121.113,172.802,296.784,190.885
122.988,172.971,296.662,189.831
123.566,173.637,296.231,188.968
124.311,174.948,296.62,188.894
124.993,175.315,296.603,188.464
125.071,175.588,296.37,188.062
124.465,176.139,297.092,188.543
124.972,176.581,297.127,188.142
125.377,176.31,297.57,187.931
125.836,176.065,298.224,187.889
126.107,175.627,297.971,186.986
126.237,176.296,297.776,186.392
126.45,176.479,297.892,185.866
126.664,177.455,297.69,185.278
127.486,178.241,297.745,184.849
128.604,177.321,297.679,183.746
125.538,177.406,299.465,184.542
125.528,179.487,299.078,184.205
124.762,180.625,298.224,183.002
123.318,182.214,298.561,182.676
122.505,183.911,297.957,181.532
122.453,185.162,298.547,180.911
121.801,183.115,298.899,179.661
121.542,184.367,299.985,179.865
120.701,185.236,299.874,179.163
119.298,185.976,298.719,177.805
120.219,183.694,298.505,176.829
119.608,185.433,298.073,176.288
119.798,186.213,297.89,175.757
118.247,187.176,297.502,175.24
121.686,186.766,299.374,176.2
119.327,188.904,297.402,174.78
123.002,187.675,299.143,175.182
122.052,190.517,298.023,174.483
122.674,189.533,298.014,173.576
122.125,190.552,298.524,173.876
122.423,191.34,297.738,173.19
120.112,192.501,297.727,173.042
119.516,191.781,299.174,173.41
117.917,189.901,301.653,174.591
119.667,189.607,303.993,176.012
113.317,190.565,300.648,174.006
119.52,189.086,304.914,177.424
112.636,190.849,300.404,174.367
116.236,190.102,304.619,178.126
113.981,191.402,304.093,177.859
114.851,191.069,304.109,177.986
114.67,191.944,301.856,176.736
116.424,193.6,301.258,177.176
118.201,195.735,298.62,175.648
120.885,196.517,298.144,175.299
120.24,194.867,298.054,174.321
120.816,193.758,299.546,174.475
120.976,192.387,300.321,173.98
121.423,192.58,301.448,173.963
121.038,191.745,301.095,173.105
120.665,194.245,297.742,171.9
123.461,192.692,298.472,172.458
128.155,192.978,300.763,174.98
137.911,187.7,314.378,181.268
136.93,182.072,330.841,187.653
134.052,178.416,343.482,192.534
130.188,175.726,356.624,198.359
126.287,172.585,362.752,200.219
120.13,170.086,368.662,203.024
119.842,169.299,370.366,203.318
121.495,169.726,371.664,203.179
120.348,168.956,373.645,203.43
120.583,166.931,376.16,203.743
120.694,165.565,381.838,205.773
119.803,163.979,388.526,208.155
117.634,162.36,398.039,211.933
115.997,160.187,406.17,214.32
114.274,158.903,411.72,215.406
113.882,158.541,417.151,216.802
112.616,157.373,423.027,218.384
109.393,153.696,429.606,220.261
108.181,148.807,437.868,223.325
107.196,143.761,449.067,227.559
107.923,138.902,465.481,235.206
103.015,137.547,474.374,239.722
93.5724,138.887,482.447,244.3
86.7556,141.572,471.853,239.836
88.3772,140.382,461.876,235.062
99.0206,143.006,456.561,232.753
97.6464,145.424,452.556,230.727
98.9465,142.124,453.195,231.115
103.51,140.347,451.158,229.849
107.866,137.536,454.05,231.183
104.981,141.682,454.644,232.038
95.3685,138.687,449.77,228.898
102.62,142.727,439.174,224.278
102.704,146.084,428.72,219.33
107.337,159.15,413.38,213.149
103.9,164.241,399.083,206.29
106.924,166.43,390.385,201.461
108.756,168.206,381.372,196.303
113.032,170.378,374.376,192.04
111.766,171.512,370.815,189.053
115.166,171.069,366.091,184.655
118.04,173.862,366.055,183.136
119.356,175.914,368.479,183.55
115.424,178.012,371.528,184.467
119.926,175.515,375.396,184.532
112.68,179.556,376.139,185.146
117.428,177.343,375.227,183.254
114.661,179.919,374.952,182.468
112.982,177.736,374.443,181.485
114.686,180.31,372.433,180.189
115.09,179.796,370.786,178.522
115.768,177.775,372.94,178.862
115.063,180.744,376.922,180.862
115.096,181.552,376.784,179.28
114.536,185.407,375.698,177.616
115.185,187.793,375.762,176.139
114.547,190.783,372.149,172.608
119.462,192.811,363.655,166.595
120.714,194.384,356.83,161.243
119.926,197.195,353.759,158.182
120.338,200.772,352.55,156.036
121.074,200.097,355.975,155.702
117.516,196.221,365.434,158.659
118.527,195.241,373.989,162.456
113.902,192.182,380.899,165.513
110.317,190.046,387.447,169.149
114.406,188.73,386.477,169.308
107.11,188.951,383.022,168.381
119.755,190.348,375.635,164.908
111.289,188.78,377.704,166.368
118.849,192.552,375.754,166.533
115.079,193.22,374.582,166.211
120.529,191.653,372.746,165.638
113.989,191.918,372.294,165.523
118.639,190.944,374.104,166.178
112.11,189.808,375.632,166.949
116.941,187.364,375.708,166.86
115.352,190.096,373.15,166.328
116.501,186.143,377.177,168.904
116.164,189.182,374.541,169.204
116.924,188.495,376.956,171.759
115.715,186.923,377.55,172.451
117.007,186.213,377.963,173.078
114.249,185.382,378.856,173.917
114.404,184.161,377.036,173.206
117.133,186.01,375.697,173.302
114.856,183.962,372.325,171.521
119.078,186.227,369.635,170.514
116.182,185.792,369.156,170.116
119.484,187.213,369.736,170.167
116.552,189.705,367.048,168.798
122.08,186.644,368.28,168.404
116.511,190.421,367.384,168.218
116.131,186.191,369.605,168.032
117.99,190.344,366.717,166.362
116.321,186.914,364.875,164.203
120.795,191.057,363.223,163.201
118.162,189.51,363.857,162.783
119.291,190.607,362.893,161.589
118.305,189.431,364.273,161.615
119.568,190.916,362.087,160.117
120.665,192.373,358.283,157.452
121.201,190.613,356.787,155.632
120.586,193.642,354.077,154.063
119.701,192.533,352.862,152.58
118.905,193.433,351.13,150.998
120.219,192.289,351.332,150.271
121.055,193.709,349.975,149.172
119.682,196.136,350.538,148.989
121.187,194.316,353.022,149.306
119.719,195.338,353.747,149.063
119.849,196.402,352.43,148.013
116.911,195.414,353.005,147.784
115.544,196.006,354.612,147.965
113.374,195.323,354.651,147.94
114.39,197.095,352.243,146.877
113.491,196.318,351.612,146.638
113.843,194.896,350.004,146.714
114.496,195.021,348.221,147.317
113.293,193.879,347.625,148.035
112.964,194.205,344.554,147.746
110.542,192.283,343.318,147.929
108.926,189.344,342.388,148.309
109.777,188.739,341.193,148.696
111.226,190.36,339.021,148.963
110.089,188.05,341.24,151.033
112.356,188.318,341.197,152.788
112.282,186.284,341.921,154.766
110.892,184.877,342.354,156.215
111.248,182.594,342.717,157.962
111.45,179.937,342.944,159.292
111.311,178.851,341.083,159.568
112.608,179.616,339.058,160.322
113.536,179.535,338.319,161.381
115.63,181.805,336.465,162.034
119.223,184.109,332.976,162.223
118.558,184.904,330.841,163.234
120.809,186.8,329.745,164.11
123.709,187.618,331.722,165.506
124.454,187.975,333.944,166.738
122.133,185.109,339.268,169.295
121.789,182.765,344.628,172.05
121.433,181.281,349.178,174.438
117.36,177.819,356.223,177.822
117.494,177.999,359.814,179.954
120.171,179.041,362.086,181.699
122.392,180.224,361.853,181.612
120.958,180.756,362.146,181.905
124.575,180.604,358.903,179.404
120.325,181.947,357.465,178.275
121.06,186.446,351.445,174.581
119.992,189.138,346.857,172.226
122.255,190.902,342.891,170.195
123.355,192.175,341.65,169.639
125.212,193.035,340.668,169.091
125.664,193.912,338.099,167.41
125.048,195.355,335.194,165.198
122.57,197.868,333.067,163.289
124.37,196.255,329.125,160.036
121.784,197.095,327.567,158.233
122.392,199.398,323.761,155.279
122.628,200.873,319.324,151.656
123.754,205.876,315.776,148.981
129.808,206.476,313.421,146.774
128.018,207.732,315.524,146.526
129.156,208.926,317.429,146.017
127.761,209.329,320.643,146.391
126.647,209.889,322.183,146.07
127.293,210.321,322.512,145.768
127.415,212.514,321.796,145.343
129.124,215.773,322.977,145.273
126.021,212.552,328.301,147.916
129.372,214.231,329.66,148.591
128.523,215.333,330.824,148.347
129.086,212.032,331.221,148.159
130.388,215.758,327.063,146.633
132.442,212.85,324.624,145.63
137.719,214.017,319.747,143.525
139.834,214.165,314.175,140.369
141.389,213.724,308.83,137.323
140.443,213.516,302.599,134.462
148.834,217.758,295.768,131.503
151.685,216.898,288.196,128.099
154.721,219.365,279.466,123.924
156.544,220.178,270.86,120.137
151.883,220.326,266.159,118.625
156.19,220.689,259.736,116.988
161.01,220.087,253.551,115.405
166.97,221.098,248.757,114.45
165.069,220.471,243.891,113.657
171.791,221.74,236.208,111.079
175.324,222.863,229.539,108.998
178.159,223.984,222.036,106.21
181.872,223.133,215.662,103.9
186.791,221.938,211.195,102.447
188.483,221.635,209.101,102.09
191.3,222.028,207.555,102.035
194.419,224.085,208.294,103.043
198.268,227.689,211.949,105.902
191.088,228.873,217.245,109.689
194.7,230.658,214.354,109.374
195.691,230.547,213.961,110.659
192.227,231.006,216.163,113.016
187.491,231.582,219.574,115.326
170.307,225.273,229.073,121.362
151.007,215.966,245.151,130.519
139.946,206.344,256.566,136.796
132.773,199.51,265.808,141.786
128.481,195.763,271.497,144.198
128.203,200.259,277.171,146.618
129.922,204.469,279.862,147.643
133.051,202.475,289.235,152.09
132.946,203.339,299.739,157.435
129.993,201.133,311.524,163.342
126.935,202.484,326.376,170.716
125.838,200.256,340.752,176.958
123.839,195.677,353.439,181.662
118.351,192.613,358.712,182.526
120.766,191.083,362.515,182.495
119.263,188.467,361.757,180.064
122.634,188.672,361.244,177.847
120.657,187.242,361.205,175.803
125.393,187.89,357.887,171.884
122.468,188.653,356.599,169.268
124.557,189.076,353.007,165.5
124.698,188.992,353.691,164.559
126.602,191.267,352.961,163.198
123.815,191.39,352.675,161.601
124.156,191.343,352.597,160.367
125.3,191.043,351.039,158.34
125.151,191.053,349.786,156.36
122.334,191.843,349.976,155.424
122.086,194.078,350.591,154.826
121.758,195.532,349.558,152.984
124.471,196.919,348.125,150.916
124.288,197.44,348.39,149.718
124.495,197.788,348.706,148.719
124.739,197.058,350.21,148.362
125.388,196.958,350.438,147.523
126.181,198.478,352.833,147.939
123.67,197.429,354.443,147.957
125.15,197.334,354.833,147.85
124.418,198.264,354.571,147.326
124.926,198.874,353.834,146.752
123.192,200.05,353.08,146.077
124.793,202.717,350.12,144.471
124.685,201.717,350.539,143.895
125.28,202.015,349.817,143.065
122.706,203.653,348.96,141.812
123.379,206.843,346.356,139.698
125.819,208.687,345.229,138.091
124.471,207.117,348.106,137.955
125.312,207.427,349.253,137.179
125.719,209.518,351.045,137.191
127.623,209.729,350.255,135.724
127.408,211.052,352.392,136.104
127.633,212.509,353.72,136.116
125.403,212.443,356.288,136.272
123.914,212.849,357.003,135.713
131.195,215.203,350.743,132.203
130.676,216.896,352.851,132.989
129.703,219.362,349.844,131.655
132.107,218.216,348.723,130.409
131.553,217.277,349.748,130.395
129.773,216.793,352.778,131.586
126.808,218.722,354.358,132.434
126.273,215.766,355.358,132.076
124.664,215.99,357.7,132.821
122.329,215.115,360.183,133.122
119.349,214.976,362.52,133.502
119.622,214.462,362.69,132.61
117.996,214.604,364.27,132.794
117.306,213.244,368.226,134.025
115.832,214.949,369.334,135.025
117.534,215.628,370.463,136.33
115.489,213.793,372.205,137.946
121.81,212.347,369.33,138.422
127.863,211,363.973,139.085
135.416,211.352,355.894,138.872
143.514,211.702,347.176,137.408
154.422,212.755,337.729,135.1
163.966,213.225,331.165,134.401
174.043,212.921,324.352,134
185.727,216.189,319.342,135.391
197.738,217.343,310.898,135.556
210.962,220.324,299.9,135.821
224.819,221.794,287.081,134.604
232.9,226.814,275.859,131.304
234.714,229.829,266.966,128.455
238.458,231.15,258.898,125.591
242.755,234.118,251.974,124.583
242.687,232.187,250.223,125.682
242.038,226.482,258.185,129.498
245.96,223.547,264.205,132.21
251.938,222.187,274.721,136.975
253.17,222.532,285.02,142.049
253.75,220.45,302.764,149.548
251.317,210.728,331.556,161.939
247.954,197.417,354.449,170.878
241.605,187.831,374.912,179.881
237.848,179.422,387.018,185.213
229.407,173.316,397.204,189.979
225.555,162.537,413.524,196.909
218.456,154.02,424.189,201.247
218.551,153.787,426.684,203.212
215.272,152.269,424.986,203.193
211.751,152.678,420.162,201.445
211.365,152.08,417.431,200.746
210.328,152.224,416.054,200.991
209.629,150.288,412.695,200.197
209.611,151.852,409.871,200.145
211.117,154.234,403.482,198.172
214.699,155.033,399.196,196.948
219.721,154.753,395.666,194.942
223.919,158.911,393.967,195.254
221.856,151.933,398.194,196.48
224.711,156.482,400.563,198.633
224.546,153.821,404.508,200.991
223.437,149.36,405.105,201.636
222.515,152.505,404.258,201.694
222.142,153.082,403.464,202.338
217.002,147.265,407.368,205.071
218.607,151.358,411.295,207.603
219.289,147.244,417.663,210.397
219.192,142.158,428.718,215.49
218.863,142.193,434.708,219.456
212.742,137.722,437.954,221.981
211.056,136.629,445.167,227.296
213.566,135.341,450.684,231.626
211.02,134.945,453.562,235.056
211.353,133.259,455.739,237.414
207.434,134.267,453.654,238.117
209.918,135.44,455.404,241.019
206.63,128.55,457.223,242.894
208.095,127.088,457.187,244.606
208.53,125.28,450.853,243.237
208.32,124.212,443.156,242.122
211.185,125.191,438.766,243.198
210.715,124.663,428.097,239.401
214.949,120.778,426.831,239.714
217.097,123.412,420.503,237.764
213.402,122.725,417.328,238.11
213.384,123.283,418.387,241.689
212.577,118.922,415.908,243.081
213.938,115.22,414.486,244.456
218.163,113.829,413.162,246.553
220.883,114.353,412.798,249.372
223.638,111.965,411.797,249.842
224.712,106.515,414.814,251.866
218.123,109.184,412.557,253.766
222.029,106.608,417.62,259.479
221.958,98.8618,428.361,268.834
215.108,93.8731,424.592,269.059
221.54,100.857,421.51,269.892
221.433,101.716,419.562,271.692
217.64,100.385,415.493,272.668
219.494,103.308,407.509,271.156
220.966,101.342,403.365,269.917
220.509,100.261,401.993,272.112
222.756,102.484,397.855,272.957
219.542,100.356,394.311,271.721
223.432,106.884,390.779,272.37
222.288,104.152,387.194,269.601
225.504,105.618,389.025,270.995
227.03,104.747,388.183,269.662
230.164,104.837,389.573,269.729
226.746,104.974,392.159,270.024
228.507,101.045,394.618,269.606
227.32,97.9152,398.124,270.63
224.464,95.8947,402.451,273.064
223.2,94.6957,403.684,273.885
224.469,94.2997,402.779,273.135
224.89,96.3286,397.431,269.937
225.008,96.312,394.166,267.78
226.947,101.103,389.388,264.739
227.935,104.474,390.333,266.422
229.593,107.4,388.892,265.695
224.752,103.947,388.254,263.279
226.574,105.535,387.377,261.992
227.794,105.815,390.362,264.68
230.11,103.177,393.881,267.352
224.762,93.354,397.588,271.136
230.923,101.945,402.419,277.451
220.338,95.5324,408.843,282.948
225.09,104.092,402.017,279.364
223.81,96.7186,402.728,280.111
227.264,100.047,400.394,279.962
224.339,103.221,390.516,272.555
218.809,108.433,381.037,264.857
220.959,105.705,379.237,261.405
218.223,103.274,382.269,263.468
219.044,110.125,380.061,262.314
220.121,112.7,376.518,257.207
221.284,118.143,374.744,253.863
216.994,116.778,374.969,251.286
207.619,117.279,380.639,249.674
198.233,121.215,385.871,246.65
188.776,117.762,394.763,246.001
175.432,116.514,398.61,244.382
170.178,116.61,399.276,241.04
169.603,119.73,400.738,239.799
168.122,120.135,402.561,238.188
170.712,121.928,404.308,236.414
170.802,123.989,406.682,233.777
168.92,128.009,409.033,231.687
168.264,129.695,410.473,228.733
166.603,134.143,411.089,226.017
168.579,135.028,409.591,221.368
172.13,136.063,407.285,217.133
170.653,141.882,405.305,214.238
171.957,143.054,404.394,210.746
171.635,148.058,405.152,208.929
171.408,149.6,404.487,205.452
172.187,152.722,400.036,200.298
174.171,155.497,396.689,196.677
172.068,158.917,397.54,195.701
167.914,162.899,399.471,196.117
162.493,157.729,402.607,196.3
164.876,161.434,405.611,196.813
163.772,153.534,404.78,193.811
172.461,155.448,406.437,193.322
170.532,160.866,407.844,192.932
168.788,161.141,410.249,191.642
167.98,159.211,410.839,189.368
167.329,165.271,412.597,189.089
165.863,163.784,411.168,185.794
164.985,165.79,412.254,185.338
165.047,166.441,411.442,183.791
161.351,168.97,413.014,184.259
161.581,169.431,413.929,183.288
161.896,169.997,410.532,180.228
161.568,173.825,412.939,181.134
159.435,172.524,412.827,179.835
161.963,170.483,412.004,178.086
163.42,173.086,411.944,177.669
165.355,172.55,409.749,175.826
166.984,172.931,410.335,175.558
164.734,173.746,411.744,175.397
168.563,173.357,412.79,174.692
162.749,175.884,414.819,175.361
165.462,173.6,416.072,174.255
163.394,174.064,413.304,172.124
163.682,174.228,417.118,173.956
162.734,175.593,415.215,172.47
162.109,176.835,414.786,171.986
163.026,175.762,414.455,171.162
159.89,178.233,413.197,170.176
162.512,177.882,414.95,170.457
161.051,176.234,416.523,170.459
159.255,177.634,419.048,171.334
159.775,176.385,420.58,171.528
157.518,180.483,422.907,172.437
156.577,178.943,421.722,170.738
156.742,179.011,425.991,172.368
157.787,181.194,426.452,172.053
160.507,186.127,425.386,171.127
159.362,184.791,419.514,167.388
165.219,185.038,417.418,165.318
166.314,188.2,415.384,164.229
171.412,189.954,411.021,161.55
172.854,192.702,407.543,159.863
168.652,193.621,409.912,160.248
164.284,194.513,409.748,159.292
167.376,194.658,411.327,158.963
164.642,194.78,408.85,156.981
165.429,194.506,410.993,157.376
161.397,194.062,411.898,157.074
164.997,195.597,413.436,157.445
161.639,195.095,411.296,155.546
167.669,196.988,411.748,155.541
163.854,195.91,414.897,156.046
160.718,194.312,420.657,157.831
160.559,192.455,423.472,157.904
163.527,192.098,421.338,156.043
167.712,194.857,419.017,154.572
167.305,195.743,419.485,154.13
184.207,204.231,406.228,152.774
179.502,200.491,410.573,155.183
180.313,192.452,442.562,168.038
175.351,184.517,463.747,175.415
173.814,179.506,484.908,182.402
171.436,183.242,494.901,184.34
160.297,189.076,498.567,183.194
163.126,188.866,510.766,186.231
160.678,191.812,505.096,183
157.022,193.825,504.314,181.773
150.197,194.394,505.821,181.546
143.05,196.319,510.016,183.018
135.655,198.268,513.819,184.665
137.631,197.941,514.615,186.472
137.436,198.44,516.384,190.334
137.526,200.086,524.711,197.322
135.555,194.751,537.753,208.32
133.94,185.374,548.875,219.716
129.097,183.171,558.959,230.846
129.266,178.156,560.407,237.863
128.952,172.877,558.757,244.118
127.196,169.346,558.81,250.045
123.282,165.268,558.187,255.041
115.551,156.802,562.295,262.636
111.242,151.992,559.651,266.975
103.54,148.613,555.832,268.187
107.2,147.972,551.001,268.126
113.044,150.06,543.624,266.764
114.467,149.317,531.676,263.034
117.536,152.61,522.397,260.842
116.88,149.097,515.595,259.066
115.023,143.446,513.892,258.865
112.421,135.991,516.948,261.192
111.2,133.468,518.363,263.743
109.924,132.23,515.465,263.031
112.694,133.403,512.137,262.086
116.471,131.128,510.373,261.874
119.516,125.42,510.009,262.952
121.201,123.173,509.338,263.458
120.92,123.264,505.224,262.645
118.964,119.275,500.296,260.621
113.354,117.568,494.657,257.733
100.961,120.631,496.291,259.094
94.1799,124.284,489.977,254.617
90.7896,118.853,487.496,251.979
82.9937,116.26,489.863,252.256
78.3881,117.228,491.999,251.961
70.2956,114.268,496.221,252.161
64.0558,116.477,499.069,251.921
57.7903,112.411,501.66,250.041
55.7663,112.782,505.988,250.542
50.4066,112.899,509.588,250.135
47.9903,111.37,511.567,249.203
52.7515,114.029,512.923,248.81
47.8837,112.829,516.459,248.514
47.5088,113.548,516.471,247.024
51.1927,114.949,513.697,244.042
53.5156,117.124,515.166,243.444
56.1376,117.728,512.004,240.064
62.3853,119.232,509.406,237.363
68.2811,128.292,503.539,234.029
74.6682,129.855,495.402,228.857
82.3124,129.323,492.092,226.46
91.3401,132.627,489.776,225.462
94.9407,133.743,482.644,221.205
106.055,137.582,475.325,216.957
118.876,145.144,466.682,211.958
123.346,147.839,460.388,207.485
130.968,148.266,454.549,203.801
141.717,154.093,445.093,198.68
146.447,160.698,436.958,195.197
154.179,162.049,432.061,193.163
155.784,164.316,428.674,190.968
155.53,169.421,426.64,189.717
155.206,169.191,429.185,191.054
147.224,169.96,436.358,194.495
146.141,173.922,443.379,199.244
144.466,172.522,450.966,204.383
139.819,171.796,454.22,207.296
145.051,171.345,454.299,208.047
142.148,172.232,452.641,207.898
139.023,173.147,452.478,207.824
139.803,170.825,457.38,210.898
139.457,170.72,461.614,213.932
137.151,165.251,470.307,218.905
130.888,155.516,484.318,226.862
124.722,153.947,498.739,234.517
124.764,153.823,506.912,238.318
120.649,148.587,510.661,238.96
121.396,148.268,515.371,239.36
122.139,146.859,517.105,238.71
124.368,148.128,518.369,238.129
123.127,147.511,518.888,236.662
123.756,145.946,513.67,231.888
128.583,149.429,508.862,226.849
134.875,152.48,499.952,219.756
140.289,156.454,492.145,212.923
147.569,160.741,488.14,207.685
153.775,162.91,491.556,205.69
156.855,162.842,495.168,203.532
161.261,162.804,494.738,199.946
166.921,163.391,495.002,196.927
163.895,165.151,502.104,197.064
166.938,167.709,502.526,194.935
167.249,168.91,504.018,193.152
166.891,171.51,501.52,189.967
166.348,174.092,497.376,186.795
165.274,174.659,494.562,183.984
170.982,173.716,494.108,182.186
169.433,174.499,498.952,183.055
164.334,174.917,499.89,182.833
162.98,174.387,497.548,180.269
161.864,171.096,503.508,180.947
154.364,172.248,509.343,182.337
151.722,172.933,510.386,181.372
149.777,173.091,511.317,180.267
148.62,173.978,514.178,180.206
149.029,173.587,517.608,180.331
146.794,172.335,521.271,180.434
143.647,174.585,523.945,180.643
140.37,173.111,525.605,180.158
140.672,175.003,528.874,181.172
138.095,170.658,530.831,181.062
143.22,173.784,534.789,182.827
140.475,174.135,532.708,181.086
137.104,173.376,532.834,180.422
138.322,172.693,533.915,180.392
136.324,173.889,536.045,180.986
138.518,171.924,537.327,181.069
132.445,175.783,539.416,181.502
135.771,171.494,540.28,181.293
136.406,175.728,539.18,181.1
138.96,175.292,529.099,178.206
138.841,176.934,524.316,177.372
140.082,176.834,523.444,178.149
136.703,176.467,525.822,179.635
136.094,174.406,526.785,180.021
142.092,177.797,521.957,178.507
139.86,178.5,516.361,175.319
148.483,180.406,513.619,174.506
146.129,184.478,516.574,176.18
142.7,186.804,513.658,173.981
146.298,186.194,505.995,170.243
149.657,187.484,498.748,167.071
151.673,187.033,493.317,164.535
154.813,189.441,491.427,164.358
155.021,187.617,491.141,162.958
151.912,187.291,488.586,161.121
153.763,187.353,487.603,160.251
154.748,185.407,487.068,158.608
156.717,184.872,489.013,158.751
156.027,184.616,489.59,158.224
155.599,184.624,493.326,159.371
156.967,187.37,485.269,156.09
158.156,188.775,482.129,154.535
158.15,188.774,482.189,153.653
157.434,189.781,485.557,154.482
157.225,188.213,481.917,151.909
155.039,188.989,485.908,153.675
153.294,188.38,488.05,153.841
158.197,190.949,485.574,152.859
155.765,188.762,485.851,152.334
152.675,189.479,491.597,154.984
147.169,187.192,495.575,155.96
143.45,188.386,501.446,159.659
145.229,190.47,500.992,160.405
148.464,188.81,497.408,159.109
146.681,192.851,504.284,163.372
145.117,193.94,507.962,164.928
157.515,199.855,504.873,164.973
167.169,203.981,501.203,165.367
163.953,202.573,499.587,167.093
161.269,202.62,502.933,170.64
160.96,199.797,506.621,175.782
155.453,197.472,510.296,180.457
159.706,196.429,514.142,185.732
162.537,197.206,516.949,189.916
165.861,194.447,527.594,198.361
163.77,190.241,536.997,205.959
154.234,184.288,545.118,211.925
151.345,178.375,551.685,216.35
149.609,173.575,561.297,222.239
144.373,172.052,565.624,226.429
144.114,172.721,568.412,228.654
141.54,171.328,570.411,230.556
141.185,173.442,569.866,231.108
142.899,171.694,566.473,229.387
140.586,170.326,569.225,231.403
141.883,174.883,568.293,231.436
143.493,171.134,563.348,228.855
141.164,173.43,566.308,231.543
143.217,171.788,562.061,229.944
147.278,172.208,560.996,230.616
144.713,169.678,558.623,231.915
144.8,166.055,561.301,234.382
140.907,167.511,556.294,233.7
139.738,166.268,555.474,233.359
141.471,167.24,555.343,233.689
140.101,165.176,557.652,234.977
139.558,164.081,561.406,237.464
138.624,163.885,563.224,239.012
133.357,160.865,568.884,242.158
126.707,155.417,576.072,246.81
122.912,146.038,587.119,252.196
125.529,146.784,588.758,255.279
124.177,142.101,586.741,256.597
124.919,141.502,591.534,261.477
127.948,139.039,589.802,262.604
129.128,138.999,590.391,266.353
125.799,131.206,594.399,269.883
128.264,131.638,598.338,274.809
118.058,119.756,608.214,282.314
117.916,116.397,621.269,290.953
111.784,107.022,632.419,297.819
112.642,96.8467,644.811,306.515
100.708,87.5109,648.704,312.395
101.792,77.1064,657.77,320.493
101.225,67.1624,653.609,324.605
96.8413,65.9587,648.194,327.947
102.696,67.6695,643.678,330.771
107.73,66.9869,637.774,332.317
108.26,60.6185,637.782,336.853
105.461,54.0354,641.365,341.782
101.942,45.6844,636.374,344.497
102.575,43.8858,624.346,345.607
114.095,53.473,607.007,344.346
121.926,55.2357,591.658,340.538
132.621,60.8884,579.39,338.457
146.198,73.7124,567.023,336.165
149.227,71.0955,558.193,332.898
160.176,76.8991,549.096,331.68
167.558,79.3708,543.691,331.636
171.788,77.183,537.901,329.823
173.588,77.4084,533.727,329.949
175.537,78.2376,528.891,328.505
175.929,80.8078,522.459,325.799
177.977,84.5178,518.637,322.453
179.193,86.2631,519.294,320.429
179.255,90.0131,517.151,317.348
178.213,92.1835,515.541,314.135
180.544,98.2971,516.055,312.88
183.894,100.247,514.772,310.777
185.353,101.439,513.39,309.502
191.93,105.303,510.269,306.8
191.729,108.016,501.523,299.859
196.1,109.919,501.903,298.576
198.653,115.716,496.552,294.801
193.856,113.552,490.637,288.208
196.727,122.209,494.091,288.101
193.652,118.647,495.669,287.304
198.924,127.907,491.589,284.11
194.385,121.117,492.655,282.535
198.753,129.084,491.925,281.283
191.564,120.855,493.741,280.555
193.144,125.914,497.901,281.549
192.118,124.717,498.132,280.378
192.962,125.99,498.482,279.585
191.071,124.507,502.387,281.166
193.658,126.866,503.324,280.911
187.507,124.475,503.726,280.067
184.331,124.304,507.841,280.679
179.361,124.977,512.682,281.532
176.613,123.673,515.879,280.959
170.105,120.571,523.82,283.61
161.52,117.685,531.008,286.403
155.125,114.127,535.598,286.781
150.093,112.697,539.823,286.601
149.676,116.225,543.796,286.409
149.932,121.109,546.254,285.55
147.329,122.219,544.201,281.96
145.706,119.777,550.576,282.547
144.838,119.226,557.924,284.369
144.275,123.991,560.15,283.811
141.03,118.7,560.481,281.79
141.367,122.902,559.992,279.533
139.896,123.415,564.428,279.926
137.632,124.154,565.081,278.72
134.789,123.765,567.54,278.162
132.568,123.497,572.087,279.021
130.725,126.739,572.843,278.02
125.07,124.505,575.538,277.998
126.191,118.405,585.604,281.218
126.817,128.04,585.498,281.387
126.862,121.891,585.153,280.751
132.669,129.109,579.856,277.78
137.594,131.346,572.056,273.244
143.424,137.85,562.295,267.727
149.045,143.082,552.004,262.052
151.105,142.957,549.004,259.571
152.683,142.793,548.883,259.008
155.811,145.542,545.668,256.85
160.992,147.594,537.309,251.673
165.191,150.982,536.634,251.042
165.654,153.77,532.974,248.32
163.328,155.674,531.111,246.448
165.405,153.36,534.576,247.246
164.356,158.35,531.221,244.884
165.335,156.906,538.598,248.085
161.82,157.768,542.209,249.447
158.672,157.088,539.267,247.655
157.58,155.659,541.057,247.543
155.667,155.605,538.425,245.463
152.743,152.101,536.169,243.151
158.095,156.136,532.701,240.039
157.786,158.485,531.245,237.812
158.723,161.022,530.725,235.841
157.983,160.727,529.847,234.416
160.106,163.305,527.252,232.355
158.107,166.998,519.975,228.949
157.827,168.464,514.634,226.478
159.128,171.754,506.951,223.549
160.035,174.076,501.138,221.84
160.885,178.605,492.837,219.585
169.919,186.32,485.668,216.506
168.32,185.608,487.146,218.225
167.636,186.866,485.128,218.547
172.482,191.051,477.278,216.473
175.777,190.952,467.862,213.091
174.119,195.778,475.469,217.267
177.402,188.013,465.321,212.742
176.804,191.181,470.017,216.137
173.772,191.496,471.382,217.94
175.638,187.37,462.178,214.323
178.11,187.346,461.985,214.337
168.91,180.306,474.479,220.28
175.341,182.676,471.719,218.264
174.064,184.5,475.739,220.454
177.156,182.802,484.515,224.464
167.369,175.406,490.179,227.693
172.925,180.751,491.752,228.81
158.52,171.274,502.571,233.952
158.792,178.171,492.49,228.866
155.831,180.545,488.912,225.169
146.24,185.197,490.782,222.178
106.861,176.253,510.168,226.078
100.054,173.971,518.857,226.333
84.3259,173.836,528.96,227.315
80.3909,172.849,528.971,224.067
77.7885,173.16,531.578,222.683
75.6727,171.528,536.551,222.624
74.0851,175.269,535.666,220.366
71.7825,173.304,537.623,219.093
67.2328,172.665,543.188,219.709
66.7621,174.058,547.296,219.919
68.557,172.01,558.259,222.827
72.783,175.583,558.401,221.465
69.2052,174.187,562.09,221.803
69.6216,179.14,559.649,219.915
72.1841,179.635,557.333,217.453
69.3003,178.865,553.419,214.131
71.5676,186.208,546.221,210.33
71.0366,185.527,540.773,206.212
70.3706,191.329,536.173,203.679
68.0072,191.971,533.649,201.107
68.7128,193.634,536.034,201.412
69.4504,192.226,533.201,198.823
69.0128,192.183,534.386,199.85
67.8563,191.375,530.986,198.24
71.3014,194.42,528.623,198.146
72.1954,193.459,528.907,198.465
67.7341,189.062,534.255,200.213
71.3202,188.666,541.886,204.6
73.4226,185.852,543.961,205.335
74.9034,187.967,545.371,206.013
71.2034,182.717,553.409,209.632
58.9784,174.007,563.878,215.328
55.5055,176.126,567.449,218.878
49.2814,172.35,564.876,219.175
50.1715,174.594,565.612,221.117
50.769,177.098,563.836,221.228
54.7019,176.906,559.741,219.332
55.2999,174.203,559.584,219.296
52.3701,174.548,560.746,220.351
53.1558,175.472,560.706,220.624
51.9723,176.177,562.283,222.193
52.0587,176.163,561.214,221.519
51.733,176.782,558.54,220.559
54.3809,177.044,557.264,220.002
55.7974,177.229,557.318,219.938
58.1299,175.197,556.677,219.346
60.7487,178.302,557.078,219.672
62.9252,177.458,557.091,218.936
66.2827,180.54,552.878,216.462
64.9446,180.917,552.103,215.632
66.9218,182.303,551.647,214.556
64.8192,181.763,552.55,214.47
65.7025,180.767,553.988,215.16
63.6666,182.477,556.477,216.406
59.6887,181.227,562.464,219.849
53.7242,178.21,570.807,224.76
47.4257,175.347,579.108,230.123
45.4352,179.376,583.477,234.026
40.8339,181.514,584.954,236.591
41.0386,184.439,583.593,240.124
32.2085,173.404,590.521,250.964
25.3137,157.818,585.829,256.217
6.39246,142.866,589.924,263.178
8.41357,139.796,599.206,273.231
2.70422,134.827,609.987,282.658
-4.04553,126.364,603.583,281.599
4.98865,125.365,599.231,281.236
10.5985,121.576,587.385,276.115
13.9827,120.713,576.149,270.821
22.4358,121.891,566.172,265.832
28.2708,127.751,555.123,260.956
30.4417,128.48,548.977,258.293
31.9767,131.034,545.714,256.616
36.489,131.222,544.554,256.082
37.8644,135.335,539.728,254.396
39.8475,132.2,534.058,250.738
41.3051,133.79,535.152,252.977
40.0153,130.966,533.68,252.183
35.5432,132.867,528.469,250.222
35.9728,132.347,527.375,250.289
35.7025,131.238,527.649,250.323
33.8186,129.714,527.858,251.028
33.5624,131.727,526.526,251.62
34.7667,133.465,524.349,251.624
35.7644,132.659,523.814,252.252
36.3906,132.838,522.592,252.513
38.6689,134.988,521.275,252.478
38.5725,131.597,521.166,252.597
43.7186,133.896,521.294,253.828
40.6094,130.396,520.743,253.339
46.1359,133.482,523.362,256.305
44.3636,130.359,522.745,255.375
45.9485,132.606,523.822,256.779
44.9321,131.816,522.079,255.048
46.1952,135.911,521.561,255.514
44.9894,137.546,515.648,251.662
43.5352,138.151,513.006,250.499
44.3961,135.704,510.874,249.124
42.9965,134.7,512.406,249.71
39.3475,130.282,513.617,250.352
38.4819,126.413,516.605,253.076
37.5287,125.449,517.639,254.442
34.6324,122.464,519.582,256.433
32.5237,119.105,522.64,258.777
31.8002,116.746,525.334,261.213
30.4832,114.037,529.074,264.4
32.7369,114.374,531.269,267.151
34.3453,111.752,532.474,269.729
37.4918,111.276,533.189,271.154
37.4508,108.717,534.291,272.222
42.1222,110.828,535.779,274.57
38.6976,110.685,533.82,275.253
39.6062,106.444,532.863,275.331
42.6296,100.953,538.636,280.618
39.7113,102.375,538.614,283.873
37.5667,99.6149,533.694,282.201
48.0309,103.67,532.684,282.528
40.2227,102.44,535.041,284.97
46.053,102.836,531.771,283.658
41.1162,105.876,531.872,285.665
46.8651,104.145,526.558,282.166
49.0656,107.449,527.703,284.097
43.6942,104.026,527.713,284.622
48.868,103.133,528.187,285.198
44.781,105.784,532.116,289.182
49.3524,101.009,528.899,287.054
42.115,100.826,534.85,292.447
48.1215,97.6253,531.832,290.177
44.2147,102.271,537.61,295.637
45.5703,96.5814,535.373,293.721
43.519,94.2595,541.677,298.43
40.707,86.3775,544.838,300.941
45.4816,87.3122,545.636,306.092
41.5459,82.6034,545.848,309.7
39.8862,78.6114,542.861,311.388
39.1812,72.5941,540.318,312.289
40.1223,70.7458,543.352,318.554
41.4934,67.4623,541.084,320.719
45.8147,62.2885,546.631,328.221
42.0781,54.0621,550.956,336.317
44.9543,49.7965,549.136,341.878
52.876,50.5882,548.47,349.484
43.4146,41.2109,558.397,361.879
41.2583,35.7634,556.3,367.774
43.347,27.3664,555.339,374.833
44.6093,22.9041,551.248,379.947
44.1418,17.9622,545.857,384.779
36.2139,7.83746,536.855,386.074
27.2118,2.47479,531.346,389.999
20.3486,-5.81177,531.967,398.784
12.9376,-20.5886,536.476,408.844
14.8094,-22.652,529.41,415.375
19.387,-25.7129,518.774,417.047
19.4611,-34.9269,507.43,416.246
26.9666,-30.6033,489.452,411.601
35.868,-28.7311,468.168,399.752
40.8041,-11.046,447.867,389.872
51.368,10.5386,428.073,372.685
54.4341,26.6087,408.814,355.675
54.5329,36.749,394.012,341.245
53.8902,49.0339,380.808,329.447
52.0056,59.8147,363.719,315.426
52.5906,71.0634,358.205,313.11
53.3807,79.3241,353.75,312.375
47.6219,76.595,351.984,311.833
42.7217,78.35,346.057,309.516
40.3583,84.8073,337.888,305.798
35.6937,98.8234,322.797,295.742
36.8265,110.89,302.968,284.042
46.8264,125.365,281.37,271.722
48.6105,132.45,263.977,261.869
57.0567,144.899,251.563,255.582
57.1725,146.522,239.451,247.543
61.105,153.545,229.785,241.253
64.3193,160.328,220.495,236.675
68.4498,158.478,215.352,234.986
74.3844,161.517,210.924,233.698
70.8778,164.957,206.705,232.777
79.1613,169.522,200.34,229.922
74.2637,168.419,195.072,227.695
78.1874,173.104,190.22,227.177
76.4344,177.541,184.657,224.324
74.716,177.374,180.796,224.191
72.6195,176.58,176.105,222.88
69.1006,179.222,170.813,220.864
62.3859,178.735,165.628,217.563
59.0604,176.681,160.511,215.505
60.1949,169.094,158.098,214.919
61.7256,163.081,154.557,212.398
67.3899,155.314,152.258,210.075
73.7997,147.4,152.008,210.705
76.026,143.479,150.897,208.91
80.2103,137.7,149.512,206.535
86.0603,136.408,147.486,204.222
89.2504,131.782,146.064,201.974
94.2478,128.081,146.659,203.606
93.2854,129.362,147.168,206.995
95.6943,127.475,147.634,208.074
95.424,121.98,151.461,214.309
90.3432,124.595,156.112,223.119
83.4035,121.088,158.286,228.134
86.5649,127.816,157.15,229.93
102.534,137.05,157.284,233.704
128.059,150.135,155.949,235.842
149.909,148.392,153.669,232.965
159.753,131.709,158.552,236.875
166.109,109.103,167.75,247.092
161.315,85.4174,176.218,254.277
154.887,76.3288,177.842,253.864
152.733,77.2231,178.606,256.187
153.524,78.6497,176.571,254.84
154.27,76.9085,175.71,254.369
152.218,78.9097,174.33,254.184
153.487,82.6765,171.57,251.837
154.311,81.1712,170.078,250.29
155.622,85.1672,167.867,248.471
155.063,85.5878,166.035,246.327
156.517,92.4503,164.292,245.236
155.186,88.5852,162.323,242.39
154.017,93.4495,160.676,241.669
155.967,96.1544,159.132,240.337
156.801,92.1623,158.679,239.921
154.757,95.8348,157.165,239.254
155.525,94.287,156.112,237.676
154.628,99.3031,153.765,235.913
156.13,95.9684,152.983,234.953
153.084,101.031,150.217,232.995
155.172,104.263,147.451,229.628
155.297,107.451,144.781,226.63
156.048,109.905,142.855,224.368
155.545,110.896,140.318,221.01
155.807,114.673,137.133,217.021
155.932,115.723,135.095,214.394
156.601,117.538,133.848,212.978
156.505,116.963,133.059,212.301
157.357,119.374,132.016,211.574
157.983,120.634,131.946,212.435
154.827,117.53,131.26,211.745
156.805,122.494,131.017,212.493
158.756,120.921,130.77,211.563
155.465,118.832,130.142,211.138
157.024,119.925,131.136,213.4
157.337,117.493,131.21,213.542
158.658,119.934,131.613,215.189
156.595,113.142,131.041,214.027
160.112,118.492,131.818,216.725
156.319,109.56,130.922,214.944
159.013,113.87,131.35,217.243
156.09,110.942,130.606,216.751
160.043,114.255,130.913,218.784
156.628,108.871,130.425,218.2
159.606,113.692,130.484,219.628
156.316,107.232,131.621,221.862
161.173,107.947,133.324,226.249
159.131,98.6687,133.336,225.634
156.665,102.884,130.741,222.316
162.045,112.471,130.107,222.584
166.132,113.24,134.557,234.114
170.28,140.32,139.389,251.131
159.485,159.93,152.145,274.833
141.151,141.988,158.406,281.104
121.393,132.252,161.319,280.279
110.713,123.657,162.336,275.862
99.0068,118.889,167.962,278.12
87.5741,106.53,171.347,278.557
75.4394,100.428,169.449,273.731
69.4517,83.5132,167.087,269.888
71.3401,89.9068,163.711,266.612
71.6036,85.6436,162.094,264.499
72.292,81.0062,161.187,263.399
74.175,78.6381,160.805,264.484
72.3609,75.7167,157.903,262.713
72.0224,75.8025,153.704,259.684
70.6612,75.351,148.678,255.834
78.6234,86.2335,143.568,253.579
84.5357,82.8374,141.224,250.956
85.0783,85.1349,140.165,254.226
85.3958,82.7525,138.924,254.206
86.484,84.8554,135.906,250.95
88.8319,86.4538,134.032,250.561
89.8785,86.1494,134.446,253.791
89.6087,80.3338,136.06,257.788
89.701,78.6651,136.889,260.816
92.3146,79.1656,137.901,264.861
96.558,75.1972,144.063,278.199
101.219,73.6003,153.025,294.88
103.531,74.4656,159.863,302.766
107.792,67.3512,168.395,309.926
103.613,53.6238,175.01,314.425
101.652,45.3257,177.255,313.2
86.3483,36.8384,180.786,314.944
80.7203,39.8472,181.227,314.533
78.4059,37.9411,183.713,317.615
77.2334,37.4122,183.792,316.549
77.4586,42.278,182.153,312.495
77.0473,40.6306,180.996,309.457
75.6053,45.8665,179.401,306.381
74.5139,42.5054,178.023,304.228
73.4526,50.4897,174.554,299.656
74.9746,53.3734,172.925,296.467
74.7923,52.6146,170.988,293.361
74.2909,56.6434,169.044,290.963
73.9475,54.3658,167.182,287.55
73.9817,57.1493,165.355,284.362
73.7071,58.2722,162.826,280.422
73.642,58.7134,162.814,280.918
73.5804,58.6858,164.07,284.207
74.3248,61.1336,163.753,284.929
76.2894,69.2955,160.215,279.221
76.7987,76.654,154.859,270.396
78.7272,85.8046,150.774,263.967
79.2174,82.9711,148.328,259.137
80.4857,91.2318,145.336,254.094
82.2125,98.5349,142.67,250.093
83.9752,102.05,139.846,245.008
84.5905,103.364,138.686,243.494
84.981,104.808,136.518,239.775
85.5893,112.317,135.583,238.958
86.2548,109.985,131.072,230.528
86.2953,117.341,130.172,230.223
87.6649,118.205,127.459,225.903
87.6228,121.662,126.788,225.748
88.3962,117.992,127.218,227.498
89.4613,111.998,128.938,230.467
91.0074,112.672,131.677,235.515
91.061,99.9282,132.499,234.862
92.1624,97.9698,137.674,241.908
94.8584,95.5316,142.716,250.585
100.36,98.5916,150.262,262.182
98.2158,94.5005,156.356,267.812
94.7458,88.9843,158.561,267.833
91.3435,85.0289,159.814,267.126
92.0936,81.1146,163.466,271.379
89.9023,71.4733,167.593,277.058
88.5407,66.6172,168.261,279.615
86.9662,62.1208,168.33,281.525
86.5234,61.4122,165.873,279.652
86.1798,62.8743,164.657,280.399
88.7589,65.6221,163.317,280.912
86.2726,65.8334,163.363,281.58
88.4167,67.5444,161.569,277.583
88.7496,71.002,160.351,275.277
87.3615,74.2672,158.794,271.873
86.2385,78.3062,155.845,266.856
86.7003,76.8004,154.039,263.547
86.0861,78.0728,153.572,263.551
86.4167,81.0377,152.87,263.362
87.4912,78.3139,152.414,261.758
87.1742,76.9149,153.469,263.872
86.6706,74.3459,154.715,266.142
84.1493,72.504,155.66,268.405
82.7635,71.6484,155.592,268.452
82.6911,69.4245,155.689,269.504
83.8936,70.9583,155.416,270.448
83.013,64.4875,156.857,273.312
83.5844,58.5474,159.631,279.731
84.2598,54.9091,161.164,283.445
81.0208,49.6639,162.042,285.786
82.33,60.2722,159.036,283.881
84.3742,63.4323,154.891,278.855
83.9842,67.9151,149.95,271.72
84.444,72.3141,147.287,268.95
85.0232,78.2222,144.087,264.761
86.0671,82.8127,141.225,259.982
87.6206,84.0406,138.984,255.711
88.4092,89.1338,137.308,253.031
89.4135,91.472,135.408,249.152
89.3898,95.3139,134.166,246.831
90.7415,96.7391,134.116,246.374
91.3276,97.2923,133.71,245.472
92.2216,95.4071,134.275,246.206
91.8892,94.9837,134.582,246.365
91.3919,94.9791,134.205,245.538
90.4686,96.5762,133.671,244.369
91.9988,96.5623,134.229,244.989
92.736,93.527,135.512,246.935
92.8525,88.5837,136.712,248.793
91.9477,85.3506,139.431,253.929
90.7719,82.0386,141.628,258.027
89.8183,80.8067,142.839,260.805
89.7896,77.8677,143.752,262.413
89.8601,77.8289,144.241,263.979
89.2266,76.808,144.312,264.815
87.9754,75.9835,144.117,264.868
87.6952,75.9431,142.426,262.523
87.3842,75.9805,141.717,262.672
88.1573,79.2358,140.519,261.973
89.2189,79.7057,139.956,261.305
88.9698,79.0696,139.561,261.048
89.1518,81.1556,138.803,260.314
88.4697,79.8101,138.092,259.49
88.464,81.2093,137.438,258.479
88.0914,82.1016,136.971,257.798
88.1549,83.5565,136.184,256.376
89.9204,85.4509,135.242,254.196
90.0805,88.1424,134.51,252.788
90.6275,89.511,133.206,249.978
91.0244,91.7224,131.667,247.069
90.9025,94.4431,130.904,245.732
91.9467,96.3639,130.058,244.164
93.2975,96.7248,130.123,244.277
94.016,96.5526,130.221,244.424
94.3847,95.6241,129.824,243.318
94.0112,95.7903,129.706,242.727
93.416,96.6534,129.714,242.283
93.4518,96.5648,129.555,241.892
93.1317,97.0284,129.125,240.977
93.2685,98.3065,128.994,240.626
93.2752,99.5728,128.825,240.109
93.9645,98.389,129.481,241.265
94.3878,96.748,129.666,241.161
93.5374,98.8639,130.039,241.51
93.8302,98.7159,130.657,242.491
94.9575,97.1265,131.481,243.557
94.2821,99.2994,131.651,243.197
95.1219,97.723,132.044,243.222
94.5904,99.3418,131.294,241.469
94.6993,100.195,131.661,241.92
95.2801,98.5528,132.557,242.944
95.3662,99.6604,132.346,241.953
95.5388,100.799,133.471,243.654
94.9034,102.704,134.61,245.81
94.3909,99.7122,135.769,246.467
94.8433,96.7239,136.963,248.05
95.2973,94.5891,138.039,249.629
95.4742,92.2041,138.752,250.317
93.9659,91.0802,139.315,251.543
93.0109,89.8217,140.274,253.472
93.0575,87.711,140.286,253.456
91.0634,88.6478,139.081,251.67
88.6009,91.2143,137.59,249.374
89.0255,93.7212,134.632,243.954
90.3259,97.5422,132.769,240.401
91.4658,101.194,131.246,237.774
93.0011,103.026,131.41,238.542
93.8356,101.067,132.439,240.513
94.1291,99.3214,133.057,241.64
94.3998,98.9879,132.914,241.258
94.1878,99.073,133.227,241.543
93.6741,98.7909,132.757,240.577
93.3804,98.2362,132.566,240.037
92.8471,99.5057,131.944,239.137
92.974,99.4015,131.588,238.571
92.6217,101.472,131.339,238.319
92.3149,99.6582,132.321,239.592
92.1088,99.6201,132.779,240.189
92.0191,99.7507,133.403,240.957
91.7715,97.9883,134.276,241.817
91.5843,97.9832,134.354,241.465
91.46,98.7613,134.526,241.264
92.3538,99.4094,134.177,239.839
92.1902,99.4147,134.906,240.867
92.0601,98.5784,135.154,241.085
92.0802,99.8209,134.387,239.411
91.7597,98.2923,135.106,240.658
92.6748,100.924,134.753,239.24
92.6725,99.4052,137.01,242.663
90.9884,97.3824,137.984,244.401
90.1519,94.8214,138.938,245.178
88.6533,98.0039,139.105,244.84
91.1638,103.035,139.268,244.625
89.9182,105.058,139.335,243.02
89.2733,105.813,139.416,240.777
89.7075,108.025,139.414,238.159
90.211,109.926,139.693,236.406
90.4942,110.678,139.75,234.218
90.9497,112.059,140.476,233.283
91.4638,113.574,142.452,234.224
91.1417,111.841,146.876,239.036
94.2674,107.664,153.023,246.481
101.562,95.7355,162.295,257.117
104.156,92.0284,169.937,267.311
98.5515,84.0023,175.9,273.011
89.319,73.0203,177.487,273.009
78.0436,70.996,177.652,272.3
73.1715,76.2933,172.766,266.606
75.9219,88.1075,168.89,262.347
75.2946,86.2887,168.213,262.043
74.3813,91.6287,164.682,258.145
76.1719,97.6165,161.563,253.841
77.4745,101.797,158.284,249.345
75.7847,107.067,152.418,240.293
74.6183,116.072,146.495,233.104
74.5567,123.553,141.787,227.026
75.6331,126.288,137.458,220.876
76.2471,125.358,135.196,217.99
78.6449,131.408,133.31,216.265
78.3196,123.991,131.742,213.915
84.834,127.279,132.619,217.71
85.8066,115.591,132.029,217.375
85.1068,113.38,132.438,219.475
84.2482,108.675,132.553,220.483
83.9199,101.83,133.47,223.886
84.2866,96.4637,135.955,229.143
85.2806,100.193,137.565,232.862
86.5034,100.436,138.88,236.161
87.9189,102.458,140.373,240.144
90.2307,96.1325,143.352,244.746
89.312,94.6191,146.049,248.392
90.2535,88.6815,149.298,252.317
87.7306,85.5222,151.484,255.22
86.299,82.7317,153.624,258.876
87.041,80.0925,155.338,261.701
88.0273,79.7589,155.709,263.54
88.4941,78.7858,157.033,267.299
86.2895,72.4846,156.654,267.329
86.2621,70.3775,157.911,270.836
83.8497,67.2419,157.895,272.481
81.0124,66.4306,157.457,273.643
83.6356,70.339,157.521,274.854
82.7838,67.0604,157.314,275.621
82.8459,69.7211,157.019,277.034
83.8347,64.8383,156.906,277.714
82.539,63.0135,157.331,280.234
81.6288,57.8218,158.218,283.993
81.4159,53.9056,159.227,288.04
81.9976,53.1513,159.361,290.537
82.314,52.3513,159.488,291.769
81.4799,50.7249,160.067,293.329
82.0073,49.3118,159.58,293.781
83.7421,52.9398,157.977,292.401
83.7483,57.6454,157.315,290.852
81.458,57.434,156.59,289.689
82.519,60.4908,155.809,288.768
83.6077,59.8508,154.212,285.073
84.7992,62.6622,153.346,282.525
84.3328,62.2244,151.901,278.436
86.4558,65.0496,153.357,278.757
86.6776,72.5964,153.822,277.728
87.8073,78.3555,153.291,274.641
88.5488,77.5847,154.346,275.416
89.5766,77.071,159.836,283.811
95.3647,76.6467,171.384,301.215
99.4454,73.5711,181.173,312.935
102.212,61.549,189.659,319.569
95.641,52.6544,189.965,313.581
94.0984,53.7828,185.84,304.941
93.082,59.008,180.83,294.608
92.3951,63.159,177.564,287.323
91.0199,67.6592,173.237,277.974
93.4066,72.1572,170.919,272.612
94.1493,76.5319,169.627,268.787
93.2672,77.6775,168.697,264.39
93.8159,79.6484,167.509,259.966
94.2674,84.7445,167.616,258.033
94.5222,90.348,168.392,256.417
93.5323,88.2858,171.222,256.527
92.8478,88.3583,172.068,254.5
92.6581,90.5944,172.997,253.265
90.8405,91.1591,173.318,250.341
89.6669,93.09,173.674,248.014
89.7695,96.4448,174.038,246.589
89.7768,96.6018,175.448,245.843
87.9881,95.1327,177.07,245.308
87.6367,93.0479,178.065,244.569
87.3881,95.853,177.296,241.953
87.652,99.0168,176.193,238.891
89.2957,102.103,176.041,237.235
91.1732,106.381,175.408,234.473
94.5027,106.848,176.834,232.598
94.2614,111.2,178.576,231.707
94.2833,116.34,179.451,229.799
92.3358,116.197,182.227,230.35
90.7987,113.945,185.108,231.834
88.6224,113.845,186.003,231.291
86.9003,117.618,187.524,231.582
84.7079,120.7,191.477,233.506
77.4789,120.814,197.096,235.075
72.5015,125.49,204.168,238.496
59.2803,124.357,212.233,241.049
51.9741,127.799,223.771,247.405
40.3893,123.268,232.136,251.125
35.4771,123.837,237.672,255.539
43.2924,121.996,241.611,259.07
64.0636,126.83,241.186,258.528
91.7521,128.212,236.906,253.258
121.858,126.957,233.491,247.716
143.692,138.648,230.715,244.726
156.309,132.701,234.952,248.049
157.779,120.453,241.402,253.248
161.285,110.358,247.891,258.217
162.673,105.236,255.059,262.817
163.23,95.4983,262.941,266.543
163.68,91.8668,264.275,263.651
162.138,87.5641,268.163,262.653
157.361,81.2526,270.811,261.692
149.333,75.546,272.094,260.919
146.773,79.2587,270.237,258.452
144.618,82.353,264.001,251.394
143.374,89.2332,257.709,246.702
142.951,90.7246,251.823,241.919
142.148,93.0241,248.042,239.124
145.996,99.0102,239.63,233.188
145.255,101.324,236.521,231.808
145.34,103.008,233.061,229.453
146.279,105.891,230.779,227.95
148.494,108.037,228.788,225.631
149.177,110.154,227.324,224.466
148.818,107.669,225.425,222.048
150.614,114.033,225.501,223.194
149.832,112.761,222.199,219.395
151.496,115.147,222.032,219.465
148.373,115.277,222.295,219.027
147.352,115.806,223,219.191
146.292,118.385,219.915,215.633
145.749,121.165,218.746,214.077
144.337,120.535,217.399,212.156
144.515,122.913,218.238,212.953
145.197,120.876,218.202,212.292
146.25,122.067,219.035,212.536
146.018,123.848,219.484,212.424
144.104,123,219.637,211.661
146.079,125.77,219.768,211.964
141.085,121.537,220.789,211.764
145.781,123.627,220.169,211.588
144.628,125.106,220.034,211.498
141.401,121.716,219.955,211.39
144.428,122.342,219.504,211.164
145.223,122.276,221.911,213.547
144.62,122.378,221.906,212.52
146.276,124.489,222.231,212.065
143.719,122.486,222.052,210.929
145.722,123.902,221.85,210.574
144.982,124.242,221.273,209.423
143.792,123.553,220.477,208.18
144.371,124.248,218.913,206.487
146.046,124.13,218.774,206.216
147.116,124.584,218.976,205.53
149.273,124.55,221.163,206.411
150.056,122.902,223.153,206.97
149.619,123.045,225.155,207.871
149.182,120.534,226.703,208.275
148.551,120.642,229.873,210.487
148.576,119.898,233.513,212.8
148.246,117.684,237.053,214.763
148.437,115.706,241.933,217.772
148.503,115.266,244.857,219.012
148.209,115.609,246.761,219.167
148.561,117.13,248.462,219.085
146.647,116.797,249.281,218.146
146.193,117.547,250.349,217.524
146.121,118.485,250.912,216.55
146.771,120.135,250.783,214.887
146.707,121.549,249.455,212.421
146.558,121.723,249.613,211.322
146.862,122.346,249.845,210.372
145.758,125.102,249.483,208.936
143.524,128.841,249.089,207.747
145.009,137.101,249.217,206.896
143.264,140.012,243.892,200.286
143.704,151.102,240.34,196.333
143.805,154.355,235.705,191.015
144.323,152.469,229.941,184.501
144.282,146.811,223.116,176.917
143.851,149.842,222.552,175.831
145.317,148.778,221.992,174.032
144.541,153.544,221.146,173.017
146.115,151.889,220.721,171.334
145.94,152.97,220.161,170.156
145.288,155.152,220.176,169.738
145.224,154.105,218.255,167.146
144.381,156.871,219.46,167.773
144.052,154.473,217.691,165.177
145.372,157.617,219.06,166.084
144.957,157.617,216.692,163.563
144.13,160.105,216.032,162.662
146.556,161.039,214.474,160.504
144.718,161.258,212.919,158.79
144.132,162.573,212.078,157.441
145.756,164.045,211.093,155.785
145.731,163.726,210.911,154.752
144.888,164.756,210.414,153.753
144.436,165.566,210.329,153.065
144.558,167.017,210.554,152.681
145.428,168.701,210.295,152.028
144.957,167.103,210.569,151.182
145.109,168.293,211.035,151.014
144.627,167.386,211.818,150.899
144.861,166.868,212.086,150.349
145.235,168.613,212.93,150.278
144.428,167.996,211.606,148.43
144.714,168.357,213.217,148.785
144.58,167.555,214.118,148.526
144.476,169.745,214.689,148.404
144.255,168.549,215.315,148.013
144.376,170.385,215.909,147.845
144.122,169.255,216.397,147.448
143.811,170.092,218.005,147.99
145.109,169.118,219.222,148.137
143.724,171.382,221.271,149.2
142.213,171.456,221.75,149.062
143.88,172.027,222.149,148.795
142.694,171.585,223.689,149.423
143.331,170.538,225.676,150.283
143.162,171.238,225.213,149.335
143.127,172.134,225.544,148.963
144.235,171.339,226.977,149.506
143.215,173.456,225.096,147.737
143.101,174.379,225.431,147.552
143.199,174.392,226.328,147.666
142.864,175.564,225.274,146.5
143.53,175.284,226.013,146.411
144.141,175.608,225.782,145.714
143.291,177.254,224.599,144.516
144.34,176.929,226.999,145.76
144.429,176.408,224.945,143.417
143.149,176.208,224.469,142.61
141.346,178.116,225.205,142.825
143.44,178.64,225.568,142.681
143.152,178.358,226.882,143.016
143.22,180.061,226.686,142.533
