58,100,28,23
59.2637,100.333,32.1135,25.7927
59.1895,98.0628,35.5888,27.5124
56.8246,97.8864,39.6421,29.5082
55.783,97.6432,42.4659,30.1444
55.7221,97.7508,43.8829,29.8766
54.9917,97.1043,45.7338,29.8314
56.1543,98.3403,46.8984,29.4571
54.8944,98.3239,49.9055,29.8043
55.5259,99.6679,50.2182,29.0333
57.8713,101.105,50.1638,28.3557
56.9596,99.5219,51.8488,28.252
56.3487,100.439,50.9458,28.2809
55.7997,100.71,50.422,28.1741
55.2143,102.372,49.5215,27.8717
55.4302,102.168,49.0818,27.3869
54.2474,102.851,48.3183,26.7666
53.5618,103.052,48.2436,26.444
52.8037,102.868,48.788,26.5433
52.4083,103.174,49.6303,26.9247
51.8926,102.452,51.2492,27.6328
52.4931,103.043,52.7085,28.4914
54.0578,102.798,53.4668,28.6471
56.8296,103.702,53.2529,28.6264
59.88,104.247,52.4453,28.0222
60.5988,105.218,51.8326,27.6754
63.922,105.055,50.9932,27.0284
67.6966,104.741,49.6795,26.0234
72.2767,105.301,48.5319,25.2632
77.1019,105.338,47.3064,24.3744
81.2158,105.862,46.6104,23.8494
84.4685,105.978,45.9137,23.2788
86.4421,107.342,45.2212,22.9543
87.0431,107.178,44.7629,22.7256
88.0265,108.901,44.9511,22.9567
88.9883,108.836,44.7342,22.8852
90.1247,108.777,44.7047,22.9536
91.0768,108.586,44.229,22.8189
90.7648,108.787,43.9787,22.7804
89.9432,109.791,43.8253,22.7866
92.019,109.937,43.3425,22.6639
92.3936,111.028,43.1722,22.7453
94.7395,111.843,43.2464,22.9192
98.1655,111.664,44.2801,23.4599
100.24,110.985,45.842,24.24
102.37,110.701,47.8481,25.2137
104.725,109.452,49.654,26.0378
106.618,107.401,49.8694,26.0174
107.761,106.884,49.9855,25.8949
109.043,104.578,50.7464,26.0506
111.206,102.596,51.8167,26.4913
112.505,99.9013,52.7382,26.6111
112.786,97.6965,53.4922,26.5854
113.634,95.3671,53.1022,26.0484
114.967,96.0547,52.9494,25.7244
115.457,94.4152,52.3094,25.2582
118.086,93.9131,51.6281,24.9333
121.338,92.6674,51.6442,25.072
122.637,93.9758,52.2223,25.8043
124.376,91.954,51.2051,25.8407
123.295,91.9463,51.1985,26.3244
122.937,92.2114,51.4622,26.7861
122.783,92.3806,52.0245,27.394
123.63,93.067,51.3757,27.3388
124.278,93.7696,50.4921,26.8708
124.685,93.8956,49.5955,26.516
127.585,95.808,47.9891,26.0746
128.235,96.7711,46.7271,25.7976
129.362,95.5559,45.3058,25.4962
130.649,94.4563,44.503,25.6298
131.282,95.5857,43.8786,25.8115
130.871,95.6155,43.4662,25.9406
132.735,94.3445,42.5692,25.9463
134.364,95.2554,41.329,25.9416
134.963,96.354,40.8912,25.8895
137.739,96.8695,39.0683,25.4473
140.563,96.3513,37.2854,24.8175
141.607,96.1692,34.4875,23.64
142.34,96.6599,33.0014,23.1393
141.009,97.6486,31.6977,22.6043
140.978,96.7973,30.5647,22.2006
139.888,97.1136,29.2351,21.5938
139.545,97.7649,27.5758,20.3221
139.756,97.329,26.3068,19.2404
140.807,97.9963,25.2618,18.2231
142.581,98.6265,25.0097,17.835
145.824,98.806,24.224,17.083
147.341,99.7532,23.7081,16.4876
148.317,99.8564,23.0868,15.8468
148.942,100.2,23.0905,15.6534
149.857,100.577,22.8335,15.2892
149.842,100.789,22.6512,14.986
149.7,100.557,23.1882,15.1888
151.49,101.631,23.0419,15.0293
153.209,102.78,21.8753,14.1916
153.466,102.908,20.8718,13.4555
154.895,102.105,20.174,13.3833
157.308,101.699,19.6423,13.7161
158.22,102.626,20.2108,14.5287
161.419,101.215,21.5653,15.6027
162.706,100.223,21.9063,16.1435
164.768,102.309,21.1529,15.3821
168.324,102.005,20.3027,14.9138
170.038,102.751,19.4413,14.1637
170.895,103.583,18.8966,13.7091
171.032,103.714,18.3104,13.1858
171.625,104.755,18.7712,13.4592
171.248,103.389,18.1419,12.8855
172.1,103.588,18.4605,13.0215
171.642,104.44,19.3721,13.6086
171.443,104.38,19.4477,13.5722
171.131,104.072,19.959,13.836
171.858,103.892,20.3433,14.0158
172.776,103.881,21.2492,14.6951
173.809,103.844,21.4038,14.8283
174.724,103.708,21.4299,14.857
175.213,104.381,21.4396,14.8671
176.371,104.787,21.3114,15.0702
177.147,105.812,22.1547,15.4965
177.967,105.236,23.074,16.0238
177.716,106.165,24.6065,16.9847
177.822,104.85,25.5901,17.5296
177.214,104.872,27.9382,19.0697
175.318,104.89,29.3951,19.9906
174.443,102.555,31.4218,21.4339
173.935,102.512,32.3303,22.077
173.262,103.38,33.2156,22.7637
173.417,101.941,34.1326,23.3425
172.8,101.65,35.2584,24.0943
171.71,102.789,35.9227,24.6091
172.269,103.12,36.4778,24.9134
171.83,103.189,37.4568,25.5149
171.418,103.783,38.1315,25.9813
171.406,103.226,39.4518,26.7519
171.558,103.42,40.1899,27.3955
173.232,102.207,40.9141,28.0816
174.056,101.914,43.6883,29.9712
175.685,102.489,45.7327,31.4952
178.786,105.759,47.3123,32.7381
179.337,108.602,49.3483,34.8959
180.3,108.707,50.5881,37.3708
183.659,108.89,52.2447,40.3585
185.503,111.843,54.3474,43.3866
186.497,116.265,55.74,46.2946
187.007,119.594,55.0592,48.1378
189.682,121.884,53.8601,50.027
193.018,123.799,52.309,49.7018
194.802,121.862,50.2027,48.0325
198.437,122.765,48.0969,46.38
200.27,118.923,46.4052,44.3445
198.596,121.035,46.3065,43.4431
198.311,123.478,45.4931,42.1674
200.769,121.031,42.9981,39.9981
203.299,121.437,40.6345,37.3395
203.309,121.181,40.2535,36.8735
203.036,119.444,40.3094,36.9482
201.526,121.804,40.5315,36.1151
201.842,123.668,40.379,35.9681
196.64,122.907,43.9574,39.9274
194.493,126.08,45.5175,41.1731
194.52,131.648,46.4196,41.6452
196.441,132.18,47.0226,41.258
197.253,135.144,45.266,38.4178
195.392,133.741,45.5844,38.0325
194.489,133.846,45.285,36.8568
192.959,130.759,45.8741,36.5709
193.353,131.457,45.6747,35.4084
192.479,128.763,46.9652,35.962
191.836,126.298,48.0686,36.5213
192.986,125.497,48.6683,36.7959
192.66,125.08,49.6392,37.2156
192.009,124.311,51.0718,38.1541
191.254,123.296,51.3052,38.2255
191.072,122.137,51.3975,38.319
190.846,121.39,51.5911,38.4591
191.887,121.587,51.7719,38.7357
190.478,120.778,51.1824,38.1827
192.505,121.04,51.5195,38.3162
191.586,119.993,50.965,37.8635
190.971,119.936,50.5229,37.2471
192.487,120.734,50.0801,36.8073
191.631,120.155,50.0555,36.5221
192.625,120.979,49.6059,35.8546
192.643,119.836,50.3833,36.2367
191.352,120.666,49.5143,35.1253
192.552,120.273,49.6295,35.0099
192.32,120.599,49.5163,34.5621
192.258,121.225,49.6217,34.2644
192.496,120.065,49.6656,34.0869
192.515,120.812,49.4045,33.5246
190.967,120.806,49.2544,32.9817
192.269,119.881,49.4215,33.008
192.59,121.242,48.912,32.2305
191.738,120.574,48.8876,31.9015
191.953,120.638,48.6375,31.5046
192.86,120.747,48.2045,31.023
193.358,120.887,47.8593,30.5407
192.408,120.416,47.8409,30.1826
193.373,120.119,47.4698,29.815
192.035,120.066,47.1899,29.2952
192.844,120.349,47.2112,29.1197
192.656,120.831,47.4312,29.0159
191.999,121.832,47.2598,28.647
192.415,121.802,47.2344,28.4363
193.146,121.47,46.9198,28.0613
191.937,121.436,47.5844,28.2578
193.374,121.044,47.202,27.9341
193.276,120.908,47.5575,27.9925
192.62,121.1,47.8145,28.0206
193.171,121.302,48.0711,28.1086
193.757,121.371,48.3236,28.2078
192.018,121.51,48.2744,27.986
192.882,121.635,48.4381,28.0155
191.163,121.79,48.424,27.8292
192.109,120.339,49.2563,28.4046
191.946,121.122,48.9303,28.1104
192.404,121.462,48.9195,28.0835
191.525,121.928,48.4091,27.5639
192.459,121.844,48.0896,27.2457
193.237,121.057,48.3678,27.421
191.998,121.252,48.0191,26.9886
193.271,120.42,48.1673,27.0256
191.738,121.558,48.1208,26.7903
192.887,120.634,48.2873,26.8111
192.75,121.081,48.624,26.9162
192.654,121.578,48.9479,27.0161
191.878,122.341,49.0988,26.9024
192.312,121.534,48.6478,26.6721
193.358,121.293,48.4686,26.5733
191.492,122.243,48.2435,26.2107
192.733,121.269,48.411,26.2861
192.669,121.186,48.6407,26.3438
192.49,121.147,49.0595,26.5166
193.068,121.454,49.3123,26.6919
191.631,122.151,49.3438,26.5063
191.539,122.437,49.347,26.4464
191.496,121.943,49.5011,26.5506
192.73,121.614,49.3596,26.4874
191.313,121.663,49.4365,26.3804
192.498,121.213,49.2622,26.284
192.183,121.625,49.1374,26.1466
192.502,121.857,48.7182,25.8941
192.522,121.159,49.2075,26.2084
192.742,121.555,49.5698,26.3788
192.359,121.983,49.3986,26.2116
191.71,122.714,49.2486,26.0872
192.136,122.043,49.2959,26.1342
191.464,122.786,49.091,25.9721
192.777,121.411,48.525,25.7373
192.431,122.074,48.7828,25.9084
191.668,121.628,49.0731,25.9716
193.304,121.908,48.5303,25.7899
193.545,122.69,48.3675,25.7678
192.287,123.163,47.8723,25.4484
193.022,123.691,47.3872,25.3028
192.718,123.872,46.5844,24.9521
193.725,123.173,46.3564,24.9394
193.329,122.553,45.543,24.4937
193.966,122.065,45.6265,24.5582
194.263,122.366,46.45,24.9932
193.107,122.766,46.1402,24.7736
194.26,122.831,45.9926,24.7367
193.589,123.033,45.2816,24.3696
192.988,122.25,44.702,23.9947
193.405,123.094,44.4853,23.9078
193.488,122.295,44.9963,24.2015
193.261,122.065,44.996,24.2208
192.952,122.6,45.4096,24.3942
193.377,122.049,45.6012,24.5165
193.524,122.117,46.3741,24.9339
192.977,122.032,45.8167,24.5626
193.005,121.969,46.1671,24.6814
193.574,122.739,46.3755,24.7488
193.227,122.826,45.762,24.446
193.332,122.096,45.8427,24.3826
193.313,121.542,45.9242,24.298
193.188,121.491,46.5063,24.476
193.609,121.571,47.3909,24.9184
192.122,122.238,46.9208,24.5441
192.379,122.583,47.3243,24.6971
193.397,122.509,47.363,24.7658
193.017,122.619,47.1829,24.584
193.206,122.964,47.5394,24.6999
193.129,123.306,47.3306,24.5715
192.944,123.22,47.2026,24.4867
192.928,122.557,47.116,24.3725
193.223,122.15,46.9021,24.2542
192.295,122.158,46.9944,24.2929
192.457,121.617,47.091,24.3756
193.183,122.462,47.7124,24.7338
192.761,122.345,47.77,24.7572
193.092,122.784,47.7845,24.7767
191.885,123.218,47.5513,24.5326
193.163,123.549,47.1769,24.3609
193.215,123.152,46.7752,24.0786
193.33,123.334,46.6781,24.0379
193.425,123.224,47.1282,24.2976
193.415,122.459,46.8141,24.0541
192.568,122.705,46.5428,23.9209
193.853,122.675,46.2254,23.7232
193.782,122.112,46.5288,23.851
193.449,122.147,46.5862,23.8645
193.962,121.877,46.9981,24.1124
193.289,122.454,47.2804,24.3215
193.382,122.375,46.6271,24.0152
194.013,122.429,47.1218,24.3269
193.54,122.424,46.4656,23.9873
193.261,122.441,46.2715,23.9189
192.857,122.49,46.2359,23.9161
193.463,122.489,46.6582,24.1768
193.957,121.846,47.2464,24.5361
192.967,122.481,47.6624,24.7089
193.718,121.6,47.966,24.8423
191.798,122.083,47.8137,24.5185
192.272,122.898,47.5905,24.3873
192.774,122.587,47.3523,24.2051
192.366,123.16,47.1468,24.0844
192.965,123.614,47.1064,24.0496
193.351,122.956,46.6086,23.6534
193.653,123.046,46.5108,23.5631
194.065,123.142,46.3997,23.4755
193.125,123.38,46.1159,23.233
193.548,123.551,46.4794,23.3609
192.903,123.016,45.8928,22.9369
192.99,122.624,46.0258,22.9043
193.659,122.697,46.2272,22.9765
193.82,122.293,46.3888,22.9578
193.625,122.398,46.4195,22.9549
193.595,122.285,46.6015,23.0296
194.244,122.609,46.3978,23.0241
193.263,123.803,45.9775,22.8254
193.462,123.041,45.5388,22.4938
194.008,122.582,45.2363,22.41
193.94,122.425,45.6873,22.6494
194.345,123.097,46.234,23.0401
194.077,123.05,46.5137,23.1427
194.08,123.025,46.4888,23.0846
193.446,123.371,46.4914,23.0237
193.727,123.192,46.5487,23.0332
193.873,123.124,46.5791,23.0194
194.019,123.056,46.6091,23.0055
193.988,122.917,46.7184,23.043
193.868,123.842,46.0685,22.7429
193.987,123.501,45.5939,22.4575
194.547,123.16,45.4763,22.4753
193.59,123.213,44.9925,22.1524
193.399,123.702,45.6363,22.5233
193.642,123.546,46.0264,22.7787
193.621,122.851,45.618,22.5116
193.849,122.782,45.8902,22.6868
193.403,123.091,46.0348,22.8021
194.219,123.251,46.2585,22.8927
193.25,123.069,45.7844,22.5746
193.363,122.97,45.8962,22.6179
193.473,122.877,46.0031,22.6577
194.365,123.029,46.1332,22.804
193.753,123.108,46.4599,22.9203
193.462,123.06,46.7059,23.001
193.205,122.949,47.1595,23.1891
193.821,122.717,47.3306,23.2264
192.549,122.949,47.6442,23.3035
193.661,122.826,47.1329,23.0305
194.355,123.176,46.7216,22.8833
193.931,122.832,46.3117,22.6097
193.737,123.113,46.4802,22.7106
193.519,123.398,46.599,22.7628
194.354,122.646,46.1868,22.5017
193.533,123.743,46.62,22.6979
194.575,123.371,46.2074,22.5633
193.915,123.594,46.6444,22.8422
193.292,123.145,46.3269,22.5704
192.853,123.418,46.8157,22.8246
193.505,122.988,46.0157,22.3599
193.33,122.657,45.9327,22.2941
193.091,122.45,46.6159,22.6029
193.744,123.327,47.5252,23.2015
193.802,123.55,47.4243,23.1922
192.708,123.727,47.9067,23.3994
192.068,122.958,47.2917,22.9423
193.17,123.008,47.3919,23.025
193.249,123.143,47.2117,22.9585
193.277,123.273,47.1795,23.0362
193.301,124.032,46.7869,22.9587
193.216,124.185,46.5344,22.9264
193.471,123.881,45.6644,22.4744
193.049,123.506,45.2126,22.2679
192.887,123.736,45.5293,22.4972
193.796,124.255,45.4147,22.6157
192.992,123.921,44.8845,22.3179
193.068,124.048,45.2573,22.5992
192.822,123.646,45.3681,22.6798
192.577,123.241,45.484,22.7644
192.484,123.511,45.8541,22.9948
193.154,123.443,45.3104,22.7705
192.952,122.935,44.7764,22.4872
193.123,123.21,44.4367,22.3921
192.532,123.156,44.1448,22.2047
193.656,123.768,44.5915,22.6298
193.17,123.663,44.2326,22.4079
193.099,123.745,44.0546,22.4153
194.052,123.882,43.8709,22.4099
193.205,123.583,43.8729,22.3436
193.2,123.66,43.9645,22.4938
193.268,123.801,43.8783,22.575
193.295,123.912,43.8062,22.6512
193.322,124.023,43.7325,22.7258
193.378,123.989,44.1442,22.9662
193.216,123.922,44.2596,23.0357
192.842,124.243,44.7776,23.3224
192.936,124.079,44.5945,23.2581
193.367,124.09,44.3134,23.0976
192.836,123.982,44.4157,23.1533
193.197,124.176,44.346,23.1568
192.694,124.032,44.5101,23.2384
194.106,123.962,44.4426,23.3749
193.648,123.39,44.2045,23.1732
193.163,124.123,44.6982,23.5161
193.991,124.237,44.7421,23.5805
193.294,123.624,44.8933,23.5622
193.033,123.175,44.9706,23.4736
193.545,123.315,44.7926,23.3695
193.224,122.91,44.7318,23.2086
193.636,123.523,45.1139,23.5332
194.069,123.64,45.0256,23.5037
193.889,123.135,45.2042,23.467
193.74,122.634,45.3854,23.4387
193.312,122.544,45.3688,23.3475
193.744,122.334,45.4664,23.4204
193.228,122.787,45.5896,23.4098
193.723,122.574,45.6216,23.4609
194.129,122.463,45.7288,23.5375
193.804,122.883,45.861,23.5716
192.931,123.729,45.6564,23.4126
193.693,123.891,45.0218,23.0679
194.087,124.56,45.0446,23.0987
193.928,124.042,44.7346,22.8786
193.901,123.778,44.6733,22.8171
193.865,123.466,44.5478,22.7117
193.793,123.105,44.6425,22.701
193.891,123.683,44.7905,22.8487
193.762,123.118,44.5143,22.6392
193.855,123.633,44.4688,22.6582
193.251,123.387,43.9803,22.2655
193.467,123.442,44.0394,22.3399
193.682,123.5,44.0944,22.4118
193.95,123.535,44.1972,22.5263
193.975,124.502,44.2817,22.6078
193.929,124.1,44.3777,22.5827
193.825,123.681,44.5103,22.5683
193.72,123.263,44.6418,22.5529
193.761,123.681,44.6575,22.5542
193.692,123.202,44.8853,22.6036
193.461,123.611,45.176,22.7397
193.992,123.82,44.8274,22.6063
193.717,123.431,44.7967,22.5004
193.478,123.77,45.2382,22.7108
193.888,123.949,44.9885,22.6305
193.836,123.431,45.0148,22.5672
194.351,124.32,44.733,22.5219
194.305,123.85,44.9259,22.5311
193.54,123.671,44.3721,22.0958
193.647,123.688,44.5352,22.2359
194.413,124.258,44.4473,22.3786
194.051,123.534,44.1045,22.0993
194.313,123.854,44.074,22.214
194.805,124.059,44.0641,22.3715
194.331,123.006,44.0159,22.1451
194.363,123.625,44.6359,22.5663
194.264,124.063,44.8327,22.6295
193.36,123.944,44.2504,22.1873
193.218,124.105,44.3312,22.2434
193.076,124.268,44.4111,22.2984
192.761,123.421,44.1439,21.9983
193.845,124.001,44.02,22.0983
194.038,124.226,44.3067,22.3931
193.83,123.124,44.2531,22.2289
194.035,123.441,44.6615,22.4639
193.767,122.922,44.8159,22.4747
193.271,122.363,44.9444,22.463
192.813,122.694,45.0953,22.5036
194.621,124.266,45.617,23.0834
193.998,123.813,45.0661,22.6947
193.516,123.227,45.2246,22.7096
194.051,123.957,45.1361,22.7622
193.794,123.258,44.7213,22.4421
193.59,122.706,44.9154,22.4735
193.002,123.158,45.1893,22.5738
193.446,124.005,44.9312,22.5386
192.799,123.491,45.2105,22.5905
193.323,124.267,44.8992,22.5063
192.713,123.718,45.0912,22.5057
193.914,124.907,45.0166,22.6443
194.057,124.462,44.4645,22.2431
193.296,124.1,44.1846,22.0195
193.666,124.365,44.3866,22.2852
193.434,123.37,44.3316,22.1061
193.51,123.296,44.5149,22.2388
194.268,123.752,44.1898,22.1979
193.869,123.533,44.4616,22.2766
193.003,123.027,44.4588,22.1358
193.063,123.397,44.8921,22.3656
193.548,123.388,44.5295,22.206
194.147,124.027,44.2799,22.1891
193.183,124.157,44.6828,22.2653
193.399,124.073,44.3383,22.0086
192.904,124.277,44.8138,22.214
193.155,124.266,44.1133,21.833
193.698,124.348,43.915,21.6686
192.756,124.052,43.9471,21.5192
192.793,124.859,44.6054,22.009
193.162,125.126,44.1163,21.7881
193.808,124.077,43.7824,21.5113
194.017,125.265,43.8417,21.7337
193.159,124.682,43.9946,21.8038
192.966,124.916,44.2007,21.9263
193.247,124.265,43.8603,21.6803
192.946,124.771,43.7235,21.6356
192.636,125.164,43.7356,21.6289
193.271,124.396,43.7233,21.6885
193.062,124.871,43.5357,21.5676
193.679,125.243,43.5049,21.588
193.594,124.894,43.3559,21.4872
192.866,124.293,43.3143,21.4407
192.607,124.688,43.096,21.29
193.499,124.07,43.2209,21.392
193.438,124.319,43.2122,21.3648
193.48,124.537,43.2255,21.3419
193.693,123.569,43.3681,21.3657
193.13,123.596,43.3753,21.3492
192.94,123.879,43.2769,21.2574
192.857,124.172,43.1981,21.1956
193.197,124.119,43.4491,21.3644
193.245,124.294,43.5904,21.448
193.097,124.44,43.643,21.4652
192.973,123.689,43.8056,21.5329
193.096,124.633,43.9498,21.7672
192.719,124.566,44.3205,21.9293
192.8,125.054,44.1706,21.8061
193.375,123.91,44.1154,21.6833
193.4,124.71,44.4635,22.0292
192.686,124.216,44.9713,22.2729
192.657,123.944,44.8889,22.219
192.728,124.487,44.7513,22.3031
192.739,124.275,44.6946,22.2469
192.865,124.603,44.5834,22.2038
192.831,124.953,44.4878,22.1543
192.07,124.622,44.8227,22.306
192.694,124.639,44.8726,22.3973
192.489,124.479,44.6362,22.2218
193.599,123.985,44.5779,22.3252
193.421,123.981,44.3615,22.2571
192.345,123.461,44.3696,22.2004
192.491,123.902,44.0943,22.1964
192.847,124.143,44.0468,22.247
193.331,124.15,43.7214,22.1186
193.136,124.274,43.804,22.2132
192.612,124.132,43.9981,22.3306
192.103,123.899,43.6842,22.1134
192.627,124.262,43.2076,21.896
193.075,124.378,43.4351,21.9899
192.679,124.642,43.3199,21.8456
192.393,124.897,42.8647,21.5134
192.351,125.147,42.6452,21.3889
193.167,124.293,43.1299,21.5756
193.013,124.513,43.0121,21.526
192.859,124.732,42.8942,21.4763
192.759,123.558,42.8956,21.4694
192.547,123.65,42.9328,21.4662
192.416,123.638,43.1505,21.5567
192.844,124.644,43.2389,21.6381
192.653,124.736,43.3654,21.686
192.14,124.872,43.3058,21.6016
192.46,125.254,42.8789,21.4303
192.301,124.088,42.815,21.3471
192.063,124.3,42.7279,21.3135
193.002,124.219,43.4072,21.7248
192.47,124.371,43.197,21.5872
193.155,124.373,43.6942,21.9011
193.043,124.455,43.5679,21.7756
193.696,124.138,43.6731,21.8452
193.547,124.154,43.4267,21.625
192.419,124.154,43.4791,21.5162
192.678,125.025,43.2003,21.4751
193.179,124.056,43.5068,21.5378
193.778,125.017,43.5698,21.698
193.534,124.449,43.3582,21.5016
192.771,124.13,43.7876,21.6774
193.434,124.23,43.7072,21.6584
193.5,124.432,43.7153,21.6376
193.545,124.588,43.6847,21.6012
193.55,124.804,43.6063,21.5299
193.596,125.078,43.5869,21.4897
193.387,124.479,43.2879,21.27
193.243,124.835,43.1124,21.169
193.457,124.649,43.2352,21.2902
193.611,123.856,43.2084,21.251
193.783,123.915,43.4458,21.3973
192.9,123.84,43.7494,21.5029
193.282,124.491,44.0289,21.8332
193.891,124.355,43.8535,21.6734
192.731,124.055,44.1684,21.7805
193.279,123.951,43.9164,21.5916
193.221,124.711,43.7377,21.6424
193.262,124.904,43.8302,21.6785
192.773,125.052,44.3161,21.8492
193.203,124.267,44.5098,21.8312
193.466,124.29,44.8871,21.9082
192.669,123.725,45.0939,21.7549
193.533,124.451,45.6424,22.0818
193.273,124.003,45.6672,21.8926
193.157,123.489,45.7051,21.7137
192.955,124.105,46.2859,21.9813
193.19,123.954,45.8254,21.5688
193.014,124.327,46.0466,21.6096
193.468,124.465,46.0287,21.5057
192.821,124.279,46.1274,21.3731
193.225,124.381,46.1871,21.3024
192.52,124.182,46.3307,21.1884
192.661,124.392,46.2443,21.0783
192.993,124.823,46.1657,20.9997
193.444,124.8,45.9976,20.8127
192.928,124.256,45.759,20.503
192.753,124.495,45.7726,20.431
193.325,124.611,45.4734,20.2561
192.606,124.485,45.2893,19.9998
192.624,124.805,45.519,20.0946
193.484,125.508,45.613,20.2366
192.897,125.034,45.6895,20.1241
193.386,125.87,45.5826,20.1279
192.877,125.339,45.6156,19.9957
193.326,125.437,45.3508,19.845
192.913,124.932,45.3499,19.713
192.785,124.511,45.4916,19.6893
192.731,124.969,45.4903,19.6867
192.676,125.429,45.4827,19.6807
192.519,124.984,45.5364,19.6098
193.281,125.889,45.0861,19.4978
193.38,125.476,45.1686,19.5192
193.581,125.472,45.2353,19.5559
193.792,125.466,45.3182,19.6032
192.736,125.087,45.4644,19.493
193.54,124.923,45.2396,19.6401
194.915,126.173,44.772,19.8348
194.572,124.843,45.1084,20.1747
195.387,124.728,44.8455,20.3133
194.796,125.048,44.3689,20.2363
195.526,124.783,44.3458,20.5093
195.08,125.116,43.8726,20.4471
194.693,124.439,43.2172,20.2674
195.155,124.635,42.4249,20.0477
194.795,124.546,42.4361,20.1605
195.552,124.428,42.3923,20.4443
194.922,124.277,42.1963,20.4656
195.368,124.04,42.488,20.8507
194.62,124.213,42.5658,20.9265
195.268,123.518,42.9794,21.2797
195,124.004,43.0056,21.3776
195.046,123.91,42.7617,21.2743
194.975,123.745,42.4186,21.1083
194.909,124.225,42.2004,21.1646
195.067,124.064,42.6882,21.5394
195.309,124.776,42.6372,21.6941
195.564,124.635,42.3952,21.6315
194.904,124.601,42.2623,21.5355
195.197,124.445,42.1383,21.534
195.694,124.254,42.5432,21.848
194.928,123.917,42.6627,21.8796
195.118,123.503,42.4511,21.7647
194.841,123.645,42.4002,21.7772
194.88,123.753,42.495,21.8967
194.417,123.207,42.5581,21.9736
195.231,122.888,43.0843,22.4894
195.401,122.286,43.0521,22.505
195.767,123.128,43.1681,22.7655
195.08,122.996,43.2365,22.8085
195.343,123.029,43.142,22.834
195.493,123.069,43.0284,22.8137
195.643,123.112,42.914,22.7929
194.864,122.857,43.0442,22.8456
194.979,123.379,43.6809,23.265
194.689,122.843,43.5224,23.1271
194.766,122.949,44.1347,23.5395
194.439,123.235,44.2669,23.6175
194.443,122.614,43.7668,23.3453
194.501,122.127,43.5412,23.2033
194.285,122.671,43.8703,23.4699
194.328,122.123,43.704,23.3538
194.178,122.537,44.0764,23.5562
194.487,123.149,44.4412,23.8703
194.156,122.341,44.1489,23.5614
194.421,122.968,44.3736,23.7756
194.076,122.118,44.1241,23.4882
194.375,122.672,44.516,23.8169
194.648,122.535,44.4691,23.7748
194.887,122.431,44.1328,23.6126
194.469,122.542,44.4123,23.6974
194.248,122.668,44.4208,23.6934
194.028,122.793,44.4296,23.6899
193.808,122.918,44.4384,23.6864
193.914,123.146,44.7687,23.8931
193.743,122.244,44.8423,23.8301
194.224,121.771,44.9644,23.9373
194.283,122.088,44.4176,23.6945
194.049,122.178,44.5211,23.7278
194.097,122.491,44.9164,23.9577
194.411,121.981,45.1788,24.1287
194.133,122.325,45.8513,24.5423
193.452,122.739,46.0564,24.5935
193.858,122.398,45.8209,24.5174
193.112,122.831,45.9252,24.5065
193.572,122.436,45.6783,24.4376
194.545,121.618,45.8661,24.6275
193.849,121.91,46.1061,24.7069
194.066,121.953,46.5992,25.0406
194.2,122.278,46.5615,25.095
194.292,122.538,46.6447,25.2016
194.246,123.077,46.7284,25.3
193.845,122.245,46.6473,25.1516
193.818,122.7,46.8056,25.2893
193.383,121.825,46.2043,24.8824
193.534,121.961,46.9103,25.3126
193.095,121.88,46.5048,25.1155
193.845,121.856,46.8928,25.391
193.262,121.689,46.4878,25.1613
193.173,122.565,46.2308,25.1687
193.612,122.471,46.7459,25.4459
193.436,121.425,46.5048,25.1785
194.476,120.863,46.9391,25.4582
194.187,121.139,46.3035,25.0201
193.758,121.753,46.3933,25.1156
193.692,122.359,46.2016,25.0349
194.259,122.128,46.6713,25.3127
194.027,121.679,46.6579,25.2076
193.84,122.353,46.4517,25.1248
193.255,122.806,46.1694,24.9053
193.658,121.598,45.5901,24.5568
194.141,121.792,47.018,25.3155
193.491,121.293,46.5224,24.8704
194.368,120.802,47.0015,25.1255
193.566,122.177,47.4866,25.2535
192.474,121.638,47.2807,24.9103
193.594,121.523,47.8085,25.2404
193.166,122.771,47.5201,25.0981
194.292,122.67,48.0912,25.456
193.748,122.004,47.5746,25.0701
194.017,122.605,47.3292,24.9364
193.244,122.21,46.7922,24.5119
193.939,122.512,46.3026,24.2303
193.995,122.567,46.079,24.0726
194.443,122.213,45.859,23.9258
193.988,122.211,45.9708,23.9454
193.579,122.209,46.0319,23.9408
194.066,121.868,45.8042,23.7887
193.619,121.849,45.8674,23.7718
194.071,121.505,45.5485,23.5733
194.769,122.052,46.1279,24.0824
194.2,122.644,46.4241,24.2658
193.595,122.284,46.4856,24.2026
193.58,122.326,46.2128,24.042
194.446,122.662,45.9121,23.954
193.848,122.171,45.4492,23.5354
193.71,123.111,45.7629,23.8081
194.24,122.172,44.7868,23.187
194.034,122.525,44.9979,23.3146
193.366,122.655,44.9979,23.1434
193.167,123.019,45.0837,23.2104
193.677,123.356,45.0544,23.3084
194.524,123.428,44.5728,23.1246
195.156,122.988,44.6904,23.2836
195.322,122.204,44.4834,23.0513
194.418,122.888,44.3976,22.9808
194.554,122.269,44.5662,22.981
193.766,122.685,45.5453,23.424
193.888,122.813,45.6293,23.4434
194.011,122.948,45.7217,23.469
193.679,123.117,45.1178,23.0763
193.462,124.209,46.0167,23.5383
194.115,124.265,45.2152,23.0405
193.871,123.461,44.7052,22.6994
193.601,123.292,44.6525,22.6939
193.639,123.793,44.8878,22.8788
193.473,123.107,44.3254,22.5084
193.675,123.704,44.2944,22.5674
193.478,123.572,44.1316,22.4974
193.282,123.687,44.3819,22.7072
193.083,123.456,44.3379,22.6965
193.159,123.299,44.1972,22.6455
194.304,124.27,44.3238,22.7979
193.92,123.932,43.5621,22.3199
194.215,124.479,43.4827,22.3286
193.683,123.807,43.5171,22.2964
193.867,124.296,43.4899,22.2931
193.314,123.517,43.7078,22.3649
193.51,123.914,43.9012,22.4942
193.485,123.439,44.0424,22.596
193.811,123.835,44.7321,23.029
193.928,123.579,45.1889,23.2819
193.74,122.581,44.9117,23.0377
193.794,122.944,44.7972,22.9833
193.833,122.909,44.7093,22.8935
193.813,122.782,44.9202,23.0106
193.855,123.095,45.0121,23.0327
193.881,123.81,45.4654,23.3116
193.386,123.158,44.9131,22.947
193.414,122.417,44.4633,22.641
193.716,123.267,45.1483,23.0689
193.759,123.908,45.5994,23.3595
194.112,123.255,45.1706,23.083
193.997,123.167,45.2744,23.0611
193.595,123.528,45.0778,22.8792
194.096,123.465,44.836,22.7543
194.057,122.601,44.6659,22.5615
193.993,123.154,45.7656,23.1874
193.556,123.495,45.2811,22.9268
194.096,122.764,44.848,22.6501
193.725,122.851,44.9052,22.6144
193.25,123.071,44.9046,22.5825
192.777,123.294,44.9106,22.556
192.984,124.024,44.9354,22.611
192.972,124.259,44.5559,22.4475
193.199,124.366,44.0246,22.1251
193.943,124.372,43.4079,21.8255
193.218,123.803,43.76,21.9586
193.026,123.613,43.8232,22.0072
193.102,123.857,44.1752,22.3197
193.864,124.128,43.583,22.0284
194.426,124.305,44.3338,22.4929
193.81,123.661,43.8743,22.1918
193.21,123.772,43.9214,22.211
193.345,123.989,44.272,22.5112
193.233,123.329,44.2419,22.4901
193.159,123.246,44.4787,22.67
193.12,123.096,44.8083,22.8144
193.07,123.618,45.0063,22.8482
193.418,123.512,44.4603,22.507
193.406,123.395,44.8417,22.7
193.255,123.337,44.966,22.7247
193.104,123.281,45.0931,22.7516
193.262,123.717,45.5144,22.933
193.887,123.051,44.9479,22.5992
193.759,122.917,44.9913,22.5728
193.743,122.814,45.1664,22.6221
194.44,123.257,45.2975,22.776
194.182,123.216,45.2711,22.7017
194.181,123.586,45.0144,22.569
194.085,123.566,45.0998,22.5834
193.992,123.55,45.1944,22.6039
193.873,123.461,45.4089,22.6538
193.668,123.81,45.2528,22.6473
193.004,123.182,44.8638,22.4484
193.66,123.121,44.5302,22.3641
194.45,123.309,44.4537,22.4692
193.801,122.681,44.427,22.4522
194.148,122.557,44.9063,22.7682
194.094,122.73,44.9159,22.8589
194.223,122.271,45.3149,23.0877
193.859,122.659,45.5156,23.2892
194.587,122.532,45.5014,23.3785
194.147,122.645,45.1557,23.2076
193.861,122.615,46.133,23.811
194.224,122.719,46.3519,24.0344
193.412,123.42,46.0572,23.9282
194.348,123.673,45.623,23.728
194.046,123.897,45.2843,23.5975
193.655,124.125,44.9679,23.4834
193.396,123.346,44.7857,23.3486
193.32,123.066,45.0957,23.5848
193.778,123.54,45.6829,23.9203
194.286,123.311,45.7514,24.0145
193.755,123.823,45.2943,23.8557
193.292,123.501,44.7327,23.5781
193.8,124.255,44.7723,23.6829
193.374,123.561,44.4573,23.4793
193.273,123.119,43.7766,23.0525
192.913,124.354,43.8646,23.0512
192.585,124.636,43.7593,22.9692
193.182,124.556,42.9926,22.4432
192.525,124.269,43.2523,22.4842
193.364,124.355,42.9836,22.3112
192.857,123.998,43.2591,22.3591
193.092,124.072,43.1276,22.2091
193.571,124.786,43.7124,22.5801
193.881,124.759,43.5963,22.4453
194.199,124.73,43.4967,22.3217
193.622,123.917,43.7135,22.3035
193.682,124.904,43.7507,22.3719
193.47,124.696,43.5788,22.1893
193.428,125.542,43.3493,22.0555
193.495,124.993,43.3507,21.9592
192.832,123.839,43.5178,21.9012
193.588,124.084,43.2156,21.7589
193.819,124.572,43.1249,21.7094
193.202,124.704,43.9303,22.1204
192.86,125.14,43.7799,22.0469
192.519,125.57,43.6315,21.9739
193.281,124.519,43.4855,21.8306
192.636,124.116,43.712,21.8674
193.582,124.286,43.223,21.6458
193.972,124.643,43.4137,21.7636
193.375,124.135,43.7152,21.8334
193.978,124.777,43.5679,21.9933
194.602,124.548,43.3977,22.0953
194.533,124.45,43.0718,22.0896
194.706,124.704,43.4106,22.453
194.459,124.62,42.8697,22.3583
194.511,124.569,42.4033,22.2975
194.66,124.395,42.2223,22.3564
194.825,124.078,42.6003,22.6993
194.676,124.248,42.8604,23.0063
194.924,124.425,42.8866,23.22
195.388,124.446,42.7418,23.3473
195.215,123.883,42.4317,23.3337
194.887,123.585,41.8134,23.1208
194.86,123.864,41.6891,23.1841
195.28,123.654,42.4482,23.6566
194.918,124.145,41.9185,23.4404
194.741,123.822,41.6841,23.4408
195.178,123.56,42.2534,23.7413
194.703,123.922,41.7576,23.5187
195.289,123.805,42.5319,24.0365
195.246,123.844,42.7174,24.1869
195.274,123.849,42.9726,24.3941
194.604,123.508,42.9841,24.4174
194.502,123.164,43.2164,24.5828
194.665,123.019,43.3839,24.6336
194.898,122.447,43.1533,24.6252
194.785,123.12,43.4935,24.8759
194.809,123.029,43.1006,24.7132
195.054,122.959,43.2863,24.8031
195.01,122.848,43.0941,24.7724
194.919,122.733,43.253,24.9038
194.704,122.612,43.1119,24.919
194.936,122.734,43.9542,25.4267
194.357,122.687,43.9473,25.4952
194.002,122.477,43.8918,25.5452
193.64,122.606,43.8218,25.6231
193.545,123.175,44.8531,26.3165
193.249,122.659,44.8793,26.3817
193.47,122.12,45.1773,26.6446
193.604,123.158,46.061,27.2375
193.598,122.947,46.0564,27.2691
193.292,122.843,45.8267,27.1174
192.923,122.739,45.7275,26.991
193.484,122.532,45.9299,27.1547
193.816,122.996,45.7984,27.1043
192.556,123.203,45.2951,26.7582
193.408,123.667,45.3573,26.8568
194.153,122.981,45.4777,26.9894
193.767,122.894,44.8555,26.5819
194.43,122.207,44.6044,26.4632
194.982,121.723,44.8128,26.6559
193.972,122.359,44.7248,26.524
194.535,122.393,45.1379,26.8033
195.01,121.486,44.9218,26.643
194.387,122.301,44.7514,26.5667
193.45,122.942,44.6865,26.4608
194.264,122.841,44.9456,26.6201
193.352,122.549,44.6904,26.4652
193.981,122.541,45.5945,27.112
194.546,122.487,45.7469,27.2341
194.225,122.923,45.4228,26.9532
193.534,122.84,44.7795,26.5183
193.845,122.203,44.695,26.4444
194.207,121.879,45.0309,26.6962
194.154,121.923,45.1646,26.6892
194.09,122.066,45.1936,26.6219
194.025,122.151,45.219,26.5556
193.954,122.231,45.2602,26.4826
193.5,121.921,44.9011,26.2351
193.505,121.876,44.7443,26.0353
193.69,121.903,45.2704,26.3006
193.006,122.412,45.1835,26.1209
193.442,122.307,46.183,26.7751
193.639,122.527,46.1251,26.7156
193.896,122.057,46.1662,26.7201
194.072,122.247,46.3529,26.8155
192.533,122.497,46.2177,26.6766
193.215,122.191,46.8234,27.1122
193.078,122.775,46.8493,27.1325
192.94,123.36,46.8759,27.1534
192.594,123.425,46.8907,27.0921
192.154,123.634,46.7046,26.8835
192.946,123.404,46.5066,26.7338
193.367,123.266,46.3933,26.6365
192.667,123.417,46.3036,26.5486
193.302,123.021,46.3741,26.5826
192.736,123.032,46.4862,26.6356
193.417,122.455,46.7669,26.8089
192.313,122.515,46.5191,26.588
193.105,123.502,46.6264,26.6257
193.718,123.016,46.6983,26.634
193.133,123.017,46.5184,26.4812
193.718,122.708,46.4801,26.387
193.129,122.716,46.2799,26.2289
192.512,122.681,46.215,26.166
193.173,122.708,46.8663,26.6006
193.188,122.628,46.9293,26.6035
192.364,122.799,46.5187,26.3309
193.364,122.944,47.0554,26.6824
193.372,122.835,47.1108,26.6832
