267,82.125,34.5,54
262.5,79.875,34.5,54
258,77.625,34.5,54
253.5,75.375,34.5,54
249,73.125,34.5,54
243,70.875,34.5,54
235.5,68.625,34.5,54
229.5,67.5,34.5,54
223.5,65.25,34.5,54
220.5,63,34.5,54
216,60.75,34.5,54
213,59.625,34.5,54
256.5,57.375,34.5,54
253.5,58.5,34.5,54
252,60.75,34.5,54
262.5,69.75,34.5,54
225,52.875,34.5,54
216,52.875,34.5,54
207,52.875,34.5,54
199.5,52.875,34.5,54
192,52.875,34.5,54
187.5,52.875,34.5,54
183,51.75,34.5,54
180,50.625,34.5,54
174,49.5,34.5,54
168,47.25,34.5,54
162,45,34.5,54
157.5,43.875,34.5,54
153,41.625,34.5,54
148.5,38.25,34.5,54
144,34.875,34.5,54
136.5,31.5,34.5,54
129,29.25,34.5,54
120,27,34.5,54
109.5,25.875,34.5,54
99,24.75,34.5,54
88.5,23.625,34.5,54
79.5,22.5,34.5,54
72,21.375,34.5,54
66,20.25,34.5,54
60,19.125,34.5,54
55.5,18,34.5,54
49.5,16.875,34.5,54
43.5,16.875,34.5,54
36,16.875,34.5,54
30,16.875,34.5,54
24,15.75,34.5,54
18,14.625,34.5,54
12,13.5,34.5,54
6,12.375,34.5,54
0,10.125,34.5,54
43.5,6.75,34.5,54
34.5,5.625,34.5,54
25.5,4.5,34.5,54
12,2.25,34.5,54
0,1.125,34.5,54
3,20.25,34.5,54
0,36,34.5,54
7.5,56.25,34.5,54
10.5,72,34.5,54
0,67.5,34.5,54
42,61.875,34.5,54
61.5,67.5,34.5,54
64.5,68.625,34.5,54
69,70.875,34.5,54
75,72,34.5,54
109.5,85.5,34.5,54
114,85.5,34.5,54
112.5,85.5,34.5,54
120,87.75,34.5,54
112.5,87.75,34.5,54
112.5,87.75,34.5,54
115.5,88.875,34.5,54
99,68.625,34.5,54
97.5,68.625,34.5,54
66,75.375,34.5,54
100.5,70.875,34.5,54
115.5,92.25,34.5,54
117,93.375,34.5,54
121.5,93.375,34.5,54
126,93.375,34.5,54
112.5,75.375,34.5,54
127.5,97.875,34.5,54
127.5,96.75,34.5,54
127.5,97.875,34.5,54
129,99,34.5,54
106.5,75.375,34.5,54
100.5,73.125,34.5,54
94.5,70.875,34.5,54
90,69.75,34.5,54
99,88.875,34.5,54
96,87.75,34.5,54
84,65.25,34.5,54
106.5,85.5,34.5,54
91.5,64.125,34.5,54
94.5,64.125,34.5,54
96,65.25,34.5,54
97.5,66.375,34.5,54
100.5,65.25,34.5,54
100.5,65.25,34.5,54
102,66.375,34.5,54
103.5,66.375,34.5,54
103.5,65.25,34.5,54
105,64.125,34.5,54
102,60.75,34.5,54
96,59.625,34.5,54
136.5,58.5,34.5,54
100.5,78.75,34.5,54
114,70.875,34.5,54
84,72,34.5,54
67.5,50.625,34.5,54
84,73.125,34.5,54
69,48.375,34.5,54
70.5,48.375,34.5,54
73.5,49.5,34.5,54
76.5,50.625,34.5,54
81,51.75,34.5,54
85.5,54,34.5,54
106.5,78.75,34.5,54
90,91.125,34.5,54
94.5,92.25,34.5,54
102,92.25,34.5,54
109.5,92.25,34.5,54
139.5,82.125,34.5,54
142.5,97.875,34.5,54
138,65.25,34.5,54
142.5,63,34.5,54
147,64.125,34.5,54
151.5,65.25,34.5,54
154.5,66.375,34.5,54
157.5,67.5,34.5,54
168,87.75,34.5,54
163.5,102.375,34.5,54
166.5,102.375,34.5,54
168,104.625,34.5,54
195,95.625,34.5,54
189,109.125,34.5,54
195,96.75,34.5,54
192,95.625,34.5,54
180,105.75,34.5,54
183,94.5,34.5,54
192,78.75,34.5,54
166.5,103.5,34.5,54
183,74.25,34.5,54
159,83.25,34.5,54
145.5,94.5,34.5,54
144,92.25,34.5,54
168,84.375,34.5,54
165,84.375,34.5,54
163.5,84.375,34.5,54
163.5,85.5,34.5,54
165,85.5,34.5,54
166.5,86.625,34.5,54
168,85.5,34.5,54
169.5,86.625,34.5,54
174,87.75,34.5,54
177,88.875,34.5,54
181.5,87.75,34.5,54
189,100.125,34.5,54
165,94.5,34.5,54
195,72,34.5,54
190.5,87.75,34.5,54
196.5,73.125,34.5,54
196.5,72,34.5,54
190.5,87.75,34.5,54
192,87.75,34.5,54
190.5,87.75,34.5,54
190.5,88.875,34.5,54
190.5,90,34.5,54
199.5,75.375,34.5,54
196.5,101.25,34.5,54
196.5,101.25,34.5,54
171,95.625,34.5,54
198,74.25,34.5,54
195,86.625,34.5,54
199.5,72,34.5,54
199.5,70.875,34.5,54
196.5,86.625,34.5,54
198,86.625,34.5,54
198,86.625,34.5,54
196.5,86.625,34.5,54
196.5,86.625,34.5,54
205.5,70.875,34.5,54
193.5,95.625,34.5,54
208.5,99,34.5,54
192,124.875,34.5,54
183,94.5,34.5,54
204,87.75,34.5,54
199.5,97.875,34.5,54
204,87.75,34.5,54
204,87.75,34.5,54
204,87.75,34.5,54
204,87.75,34.5,54
201,86.625,34.5,54
201,87.75,34.5,54
195,97.875,34.5,54
196.5,83.25,34.5,54
199.5,84.375,34.5,54
201,85.5,34.5,54
216,93.375,34.5,54
205.5,72,34.5,54
195,52.875,34.5,54
192,22.5,34.5,54
177,20.25,34.5,54
160.5,19.125,34.5,54
141,16.875,34.5,54
123,14.625,34.5,54
105,13.5,34.5,54
87,12.375,34.5,54
72,11.25,34.5,54
57,10.125,34.5,54
43.5,9,34.5,54
31.5,7.875,34.5,54
19.5,7.875,34.5,54
9,6.75,34.5,54
0,6.75,34.5,54
6,1.125,34.5,54
48,12.375,34.5,54
42,13.5,34.5,54
31.5,12.375,34.5,54
22.5,12.375,34.5,54
13.5,11.25,34.5,54
4.5,11.25,34.5,54
0,11.25,34.5,54
7.5,33.75,34.5,54
6,51.75,34.5,54
1.5,51.75,34.5,54
18,55.125,34.5,54
55.5,60.75,34.5,54
73.5,34.875,34.5,54
63,33.75,34.5,54
51,33.75,34.5,54
48,28.125,34.5,54
34.5,28.125,34.5,54
27,25.875,34.5,54
16.5,24.75,34.5,54
7.5,24.75,34.5,54
0,23.625,34.5,54
7.5,15.75,34.5,54
0,15.75,34.5,54
6,19.125,34.5,54
0,19.125,34.5,54
21,45,34.5,54
42,57.375,34.5,54
30,56.25,34.5,54
19.5,55.125,34.5,54
7.5,54,34.5,54
15,70.875,34.5,54
0,69.75,34.5,54
22.5,64.125,34.5,54
64.5,68.625,34.5,54
63,38.25,34.5,54
63,28.125,34.5,54
34.5,36,34.5,54
34.5,25.875,34.5,54
21,24.75,34.5,54
6,24.75,34.5,54
43.5,39.375,34.5,54
70.5,41.625,34.5,54
55.5,41.625,34.5,54
37.5,39.375,34.5,54
21,38.25,34.5,54
4.5,37.125,34.5,54
9,69.75,34.5,54
39,90,34.5,54
42,121.5,34.5,54
40.5,123.75,34.5,54
40.5,124.875,34.5,54
27,118.125,34.5,54
21,117,34.5,54
12,131.625,34.5,54
36,141.75,34.5,54
33,144,34.5,54
30,145.125,34.5,54
39,137.25,34.5,54
39,137.25,34.5,54
40.5,139.5,34.5,54
40.5,140.625,34.5,54
31.5,154.125,34.5,54
36,154.125,34.5,54
43.5,145.125,34.5,54
45,146.25,34.5,54
27,137.25,34.5,54
34.5,139.5,34.5,54
34.5,141.75,34.5,54
21,153,34.5,54
25.5,140.625,34.5,54
39,164.25,34.5,54
42,160.875,34.5,54
48,176.625,34.5,54
52.5,147.375,34.5,54
42,176.625,34.5,54
63,154.125,34.5,54
